0.075    1.180    0.415   0.1420   0.1593  -0.1384  -0.0507   0.1972   0.2086   0.0891   0.1142  -0.2854  -0.1398  -0.1281  -0.1330   7.2108   4.7910   2.3235   4.2539   4.3800   2.8340   2.2716   3.0175   6.0009   3.2887   1.2099  -0.9652   3.6070   2.6446   0.7730  -0.3729   0.1740   0.0066   0.2918   0.8914
   0.081    1.253    0.413   0.1491   0.1335  -0.1410  -0.1321   0.2050   0.2194   0.0939   0.1191  -0.2946  -0.1486  -0.1266  -0.1301   6.7718   4.4214   2.0930   3.9235   4.1739   2.6356   2.0917   2.8338   5.5966   3.0083   1.1752  -0.9152   3.4047   2.4627   0.7692  -0.3711   0.1746   0.0075   0.2997   0.8985
   0.088    1.328    0.418   0.1572   0.1427  -0.1434  -0.1332   0.2142   0.2319   0.0988   0.1244  -0.3050  -0.1574  -0.1240  -0.1260   6.3244   4.0487   1.8688   3.5928   3.9762   2.4433   1.9186   2.6519   5.1865   2.7308   1.1379  -0.8620   3.2097   2.2853   0.7665  -0.3667   0.1721   0.0077   0.2937   0.8759
   0.096    1.408    0.418   0.1662   0.1532  -0.1454  -0.1348   0.2241   0.2465   0.1048   0.1308  -0.3152  -0.1686  -0.1213  -0.1219   5.8803   3.6832   1.6576   3.2709   3.7723   2.2441   1.7399   2.4676   4.7818   2.4642   1.0985  -0.8067   3.0082   2.1038   0.7641  -0.3639   0.1718   0.0083   0.2965   0.8739
   0.105    1.493    0.423   0.1760   0.1659  -0.1468  -0.1371   0.2351   0.2638   0.1115   0.1384  -0.3258  -0.1828  -0.1178  -0.1174   5.4475   3.3320   1.4630   2.9638   3.5816   2.0506   1.5653   2.2930   4.3898   2.2134   1.0578  -0.7504   2.8161   1.9291   0.7655  -0.3639   0.1690   0.0085   0.2902   0.8508
   0.115    1.578    0.427   0.1868   0.1776  -0.1474  -0.1372   0.2470   0.2771   0.1176   0.1444  -0.3358  -0.1906  -0.1096  -0.1073   5.0310   2.9991   1.2867   2.6747   3.3826   1.8810   1.4132   2.1101   4.0151   1.9807   1.0159  -0.6940   2.6318   1.7617   0.7508  -0.3484   0.1665   0.0086   0.2842   0.8311
   0.125    1.665    0.430   0.1973   0.1902  -0.1473  -0.1347   0.2585   0.2921   0.1245   0.1517  -0.3445  -0.2012  -0.1027  -0.0990   4.6674   2.7134   1.1418   2.4280   3.2051   1.7238   1.2738   1.9507   3.6904   1.7849   0.9770  -0.6431   2.4645   1.6123   0.7406  -0.3385   0.1645   0.0088   0.2798   0.8157
   0.137    1.756    0.432   0.2098   0.2062  -0.1462  -0.1356   0.2720   0.3124   0.1339   0.1621  -0.3534  -0.2180  -0.0955  -0.0908   4.2859   2.4189   0.9990   2.1750   3.0346   1.5593   1.1265   1.7950   3.3524   1.5870   0.9335  -0.5880   2.2970   1.4607   0.7377  -0.3343   0.1630   0.0090   0.2771   0.8044
   0.149    1.852    0.435   0.2221   0.2222  -0.1443  -0.1351   0.2853   0.3296   0.1427   0.1715  -0.3607  -0.2305  -0.0856  -0.0796   3.9517   2.1662   0.8818   1.9587   2.8681   1.4173   1.0030   1.6477   3.0590   1.4202   0.8927  -0.5384   2.1427   1.3253   0.7254  -0.3224   0.1609   0.0092   0.2726   0.7889
   0.163    1.954    0.438   0.2363   0.2409  -0.1411  -0.1339   0.3004   0.3513   0.1539   0.1841  -0.3676  -0.2467  -0.0737  -0.0660   3.6091   1.9129   0.7692   1.7423   2.7033   1.2708   0.8777   1.5008   2.7610   1.2558   0.8481  -0.4865   1.9871   1.1892   0.7162  -0.3115   0.1587   0.0093   0.2680   0.7734
   0.178    2.052    0.442   0.2513   0.2594  -0.1366  -0.1309   0.3165   0.3700   0.1650   0.1955  -0.3735  -0.2603  -0.0592  -0.0501   3.2872   1.6809   0.6704   1.5443   2.5320   1.1397   0.7664   1.3562   2.4841   1.1073   0.8031  -0.4370   1.8358   1.0613   0.6962  -0.2949   0.1560   0.0094   0.2616   0.7538
   0.194    2.152    0.442   0.2673   0.2749  -0.1310  -0.1253   0.3332   0.3835   0.1767   0.2051  -0.3777  -0.2694  -0.0425  -0.0325   2.9850   1.4693   0.5836   1.3634   2.3579   1.0280   0.6701   1.2161   2.2271   0.9735   0.7579  -0.3899   1.6930   0.9431   0.6649  -0.2730   0.1556   0.0097   0.2623   0.7513
   0.212    2.271    0.444   0.2852   0.2984  -0.1236  -0.1201   0.3520   0.4092   0.1923   0.2232  -0.3808  -0.2870  -0.0228  -0.0106   2.6859   1.2664   0.5033   1.1894   2.1957   0.8999   0.5703   1.0840   1.9761   0.8463   0.7097  -0.3431   1.5478   0.8271   0.6479  -0.2568   0.1540   0.0100   0.2595   0.7400
   0.231    2.379    0.443   0.3041   0.3234  -0.1147  -0.1126   0.3716   0.4330   0.2090   0.2416  -0.3821  -0.3024  -0.0012   0.0132   2.4083   1.0848   0.4336   1.0327   2.0334   0.7861   0.4837   0.9594   1.7465   0.7331   0.6618  -0.2996   1.4098   0.7216   0.6237  -0.2379   0.1543   0.0104   0.2620   0.7418
   0.253    2.518    0.444   0.3260   0.3470  -0.1032  -0.1028   0.3942   0.4542   0.2278   0.2597  -0.3819  -0.3150   0.0257   0.0413   2.1267   0.9080   0.3674   0.8789   1.8522   0.6790   0.4030   0.8297   1.5174   0.6232   0.6093  -0.2557   1.2656   0.6164   0.5866  -0.2133   0.1533   0.0107   0.2608   0.7345
   0.276    2.662    0.444   0.3489   0.3737  -0.0898  -0.0908   0.4177   0.4784   0.2485   0.2809  -0.3799  -0.3297   0.0547   0.0715   1.8696   0.7542   0.3109   0.7435   1.6814   0.5791   0.3321   0.7137   1.3119   0.5272   0.5577  -0.2163   1.1303   0.5229   0.5511  -0.1908   0.1529   0.0110   0.2606   0.7312
   0.301    2.839    0.445   0.3738   0.3999  -0.0740  -0.0769   0.4432   0.5009   0.2713   0.3026  -0.3757  -0.3417   0.0876   0.1048   1.6258   0.6158   0.2607   0.6198   1.5066   0.4892   0.2703   0.6033   1.1208   0.4402   0.5050  -0.1796   0.9979   0.4368   0.5087  -0.1665   0.1517   0.0112   0.2586   0.7231
   0.329    3.051    0.441   0.4019   0.4255  -0.0547  -0.0595   0.4715   0.5212   0.2988   0.3266  -0.3681  -0.3493   0.1244   0.1402   1.3892   0.4894   0.2148   0.5048   1.3239   0.4069   0.2161   0.4969   0.9393   0.3598   0.4499  -0.1450   0.8654   0.3565   0.4585  -0.1404   0.1537   0.0119   0.2658   0.7356
   0.359    3.293    0.439   0.4322   0.4516  -0.0321  -0.0386   0.5019   0.5411   0.3309   0.3534  -0.3573  -0.3526   0.1639   0.1763   1.1713   0.3808   0.1750   0.4037   1.1438   0.3328   0.1712   0.4020   0.7761   0.2894   0.3952  -0.1143   0.7383   0.2866   0.4055  -0.1154   0.1543   0.0125   0.2695   0.7395
   0.392    3.633    0.438   0.4656   0.4861  -0.0052  -0.0140   0.5347   0.5689   0.3620   0.3809  -0.3407  -0.3518   0.1995   0.2080   0.9669   0.2869   0.1398   0.3138   0.9572   0.2565   0.1320   0.3149   0.6269   0.2268   0.3400  -0.0870   0.6069   0.2235   0.3504  -0.0915   0.1542   0.0130   0.2712   0.7377
   0.428    4.040    0.437   0.5023   0.4981   0.0269   0.0113   0.5703   0.5764   0.3958   0.3955  -0.3200  -0.3427   0.2370   0.2309   0.7792   0.2082   0.1092   0.2360   0.7691   0.2015   0.0994   0.2355   0.4937   0.1726   0.2855  -0.0634   0.4853   0.1674   0.2838  -0.0680   0.1539   0.0137   0.2728   0.7355
   0.467    4.567    0.434   0.5422   0.5352   0.0648   0.0422   0.6088   0.6129   0.4387   0.4377  -0.2930  -0.3383   0.2840   0.2764   0.6105   0.1447   0.0830   0.1708   0.6106   0.1427   0.0708   0.1701   0.3776   0.1269   0.2329  -0.0439   0.3767   0.1204   0.2340  -0.0496   0.1547   0.0144   0.2774   0.7406
   0.509    5.119    0.431   0.5854   0.5714   0.1096   0.0829   0.6498   0.6427   0.4853   0.4770  -0.2585  -0.3240   0.3335   0.3200   0.4626   0.0955   0.0612   0.1180   0.4642   0.0982   0.0489   0.1163   0.2790   0.0896   0.1835  -0.0284   0.2812   0.0826   0.1830  -0.0337   0.1556   0.0151   0.2823   0.7462
   0.556    5.838    0.428   0.6336   0.6027   0.1650   0.1298   0.6949   0.6667   0.5383   0.5148  -0.2115  -0.2971   0.3890   0.3637   0.3314   0.0578   0.0426   0.0755   0.3283   0.0639   0.0316   0.0725   0.1946   0.0590   0.1368  -0.0164   0.1961   0.0521   0.1322  -0.0205   0.1563   0.0159   0.2871   0.7508
   0.606    6.703    0.423   0.6846   0.6250   0.2308   0.1795   0.7415   0.6806   0.5961   0.5462  -0.1500  -0.2592   0.4491   0.4029   0.2246   0.0322   0.0282   0.0446   0.2157   0.0399   0.0191   0.0413   0.1284   0.0364   0.0962  -0.0082   0.1278   0.0302   0.0879  -0.0111   0.1580   0.0169   0.2961   0.7636
   0.659    7.705    0.420   0.7379   0.6450   0.3092   0.2357   0.7893   0.6924   0.6579   0.5770  -0.0695  -0.2096   0.5179   0.4458   0.1413   0.0160   0.0173   0.0238   0.1297   0.0230   0.0105   0.0210   0.0787   0.0205   0.0627  -0.0032   0.0764   0.0157   0.0533  -0.0052   0.1585   0.0176   0.3004   0.7677
   0.714    8.848    0.422   0.7920   0.6595   0.4013   0.2970   0.8365   0.6983   0.7218   0.6026   0.0353  -0.1489   0.5956   0.4892   0.0811   0.0069   0.0097   0.0111   0.0694   0.0121   0.0051   0.0092   0.0440   0.0104   0.0371  -0.0007   0.0408   0.0071   0.0287  -0.0021   0.1562   0.0178   0.2938   0.7503
   0.714    8.848    0.422   0.7920   0.6610   0.4013   0.2959   0.8365   0.6983   0.7218   0.6026   0.0353  -0.1489   0.5956   0.4892   0.0811   0.0069   0.0097   0.0111   0.0694   0.0121   0.0051   0.0092   0.0440   0.0104   0.0371  -0.0007   0.0408   0.0071   0.0287  -0.0021   0.1562   0.0178   0.2938   0.7503