# phi(deg) q2(GeV2) xb t(GeV2) Eb(GeV) A sigA
134.34723 1.09104 0.07209 -0.13013 10.60410 2.84673 0.47372
157.45534 1.09104 0.07209 -0.13013 10.60410 2.35492 0.44646
179.98248 1.09104 0.07209 -0.13013 10.60410 2.01046 0.46307
127.28822 1.09282 0.06929 -0.20675 10.60410 1.84607 0.35420
142.40714 1.09282 0.06929 -0.20675 10.60410 1.77637 0.18156
157.42391 1.09282 0.06929 -0.20675 10.60410 1.61923 0.15469
172.45799 1.09282 0.06929 -0.20675 10.60410 1.38673 0.18758
195.19010 1.09282 0.06929 -0.20675 10.60410 1.27724 0.25287
127.32387 1.09388 0.07584 -0.31444 10.60410 0.55883 0.13821
142.39479 1.09388 0.07584 -0.31444 10.60410 0.52651 0.06212
157.40052 1.09388 0.07584 -0.31444 10.60410 0.50831 0.05347
172.44504 1.09388 0.07584 -0.31444 10.60410 0.44977 0.05912
195.19003 1.09388 0.07584 -0.31444 10.60410 0.29781 0.07701
256.23905 1.09388 0.07584 -0.31444 10.60410 0.75393 0.11944
51.74650 1.08527 0.08365 -0.44572 10.60410 0.78206 0.10041
72.91165 1.08527 0.08365 -0.44572 10.60410 0.48526 0.11778
134.41514 1.08527 0.08365 -0.44572 10.60410 0.17908 0.03305
172.24288 1.08527 0.08365 -0.44572 10.60410 0.15253 0.01923
240.85094 1.08527 0.08365 -0.44572 10.60410 0.19386 0.04751
262.83080 1.08527 0.08365 -0.44572 10.60410 0.29825 0.04950
287.07223 1.08527 0.08365 -0.44572 10.60410 0.44610 0.06564
308.23581 1.08527 0.08365 -0.44572 10.60410 0.64815 0.10548
323.47253 1.08527 0.08365 -0.44572 10.60410 1.49987 0.16038
6.72780 1.08572 0.07861 -0.68106 10.60410 4.26543 1.01740
21.47694 1.08572 0.07861 -0.68106 10.60410 1.39995 0.25992
36.60139 1.08572 0.07861 -0.68106 10.60410 0.76750 0.09271
62.34827 1.08572 0.07861 -0.68106 10.60410 0.24992 0.04677
149.68189 1.08572 0.07861 -0.68106 10.60410 0.08364 0.01942
179.96534 1.08572 0.07861 -0.68106 10.60410 0.08807 0.02327
240.80437 1.08572 0.07861 -0.68106 10.60410 0.17853 0.04397
271.47647 1.08572 0.07861 -0.68106 10.60410 0.14232 0.03175
318.24501 1.08572 0.07861 -0.68106 10.60410 0.48428 0.05781
338.54782 1.08572 0.07861 -0.68106 10.60410 1.39554 0.23451
353.22906 1.08572 0.07861 -0.68106 10.60410 4.33228 1.00185
119.06617 1.29620 0.07913 -0.21502 10.60410 1.12405 0.21998
142.38881 1.29620 0.07913 -0.21502 10.60410 1.04344 0.14851
157.40116 1.29620 0.07913 -0.21502 10.60410 0.84343 0.11552
179.98406 1.29620 0.07913 -0.21502 10.60410 0.98030 0.15398
119.11807 1.30114 0.08394 -0.30916 10.60410 0.43051 0.10034
142.40975 1.30114 0.08394 -0.30916 10.60410 0.34215 0.05485
157.40615 1.30114 0.08394 -0.30916 10.60410 0.42372 0.05572
180.01612 1.30114 0.08394 -0.30916 10.60410 0.32387 0.05543
256.23666 1.30114 0.08394 -0.30916 10.60410 0.51514 0.09500
36.59261 1.27107 0.08550 -0.45481 10.60410 1.40830 0.14955
51.76553 1.27107 0.08550 -0.45481 10.60410 0.74147 0.09003
134.38727 1.27107 0.08550 -0.45481 10.60410 0.21892 0.04298
157.40766 1.27107 0.08550 -0.45481 10.60410 0.18339 0.03626
179.96485 1.27107 0.08550 -0.45481 10.60410 0.19877 0.04059
240.82381 1.27107 0.08550 -0.45481 10.60410 0.19662 0.05196
262.79959 1.27107 0.08550 -0.45481 10.60410 0.26135 0.05829
287.00804 1.27107 0.08550 -0.45481 10.60410 0.37010 0.07987
308.20498 1.27107 0.08550 -0.45481 10.60410 0.64707 0.09082
126.07053 1.10106 0.10149 -0.12923 10.60410 1.12526 0.25564
179.96946 1.10106 0.10149 -0.12923 10.60410 0.72040 0.15861
119.27311 1.10050 0.10134 -0.19794 10.60410 0.76749 0.17438
142.38219 1.10050 0.10134 -0.19794 10.60410 0.56622 0.10150
157.44812 1.10050 0.10134 -0.19794 10.60410 0.56530 0.09834
172.47947 1.10050 0.10134 -0.19794 10.60410 0.58855 0.13227
195.14901 1.10050 0.10134 -0.19794 10.60410 0.38145 0.07798
134.53062 1.10079 0.10043 -0.32976 10.60410 0.19927 0.04290
157.47679 1.10079 0.10043 -0.32976 10.60410 0.19422 0.04320
172.47979 1.10079 0.10043 -0.32976 10.60410 0.18450 0.04633
195.12497 1.10079 0.10043 -0.32976 10.60410 0.17067 0.04155
271.34280 1.10079 0.10043 -0.32976 10.60410 0.43358 0.10331
57.30663 1.09587 0.10135 -0.51590 10.60410 0.36699 0.09283
141.79826 1.09587 0.10135 -0.51590 10.60410 0.09799 0.02352
187.60798 1.09587 0.10135 -0.51590 10.60410 0.07804 0.02023
264.97205 1.09587 0.10135 -0.51590 10.60410 0.16857 0.03083
302.68766 1.09587 0.10135 -0.51590 10.60410 0.36351 0.07514
323.62506 1.09587 0.10135 -0.51590 10.60410 0.61328 0.14265
20.76294 1.10289 0.10980 -0.64753 10.60410 2.25893 0.71261
36.29559 1.10289 0.10980 -0.64753 10.60410 0.62649 0.18896
67.29214 1.10289 0.10980 -0.64753 10.60410 0.09713 0.03262
164.11778 1.10289 0.10980 -0.64753 10.60410 0.06078 0.01875
275.02884 1.10289 0.10980 -0.64753 10.60410 0.10768 0.02794
119.17812 1.33510 0.10070 -0.12925 10.60410 1.48643 0.24950
142.39917 1.33510 0.10070 -0.12925 10.60410 0.65219 0.11955
164.79066 1.33510 0.10070 -0.12925 10.60410 0.67737 0.10765
195.14873 1.33510 0.10070 -0.12925 10.60410 0.74322 0.16503
307.94617 1.33510 0.10070 -0.12925 10.60410 5.74672 1.61640
103.88704 1.33689 0.10026 -0.19832 10.60410 1.06453 0.24799
127.32750 1.33689 0.10026 -0.19832 10.60410 0.75686 0.08765
142.36439 1.33689 0.10026 -0.19832 10.60410 0.63779 0.05557
157.42547 1.33689 0.10026 -0.19832 10.60410 0.44954 0.04181
172.45661 1.33689 0.10026 -0.19832 10.60410 0.53284 0.06058
187.51486 1.33689 0.10026 -0.19832 10.60410 0.54211 0.07293
202.54848 1.33689 0.10026 -0.19832 10.60410 0.51805 0.09655
119.23348 1.35878 0.09606 -0.34385 10.60410 0.21882 0.03939
142.41827 1.35878 0.09606 -0.34385 10.60410 0.21270 0.02391
157.44809 1.35878 0.09606 -0.34385 10.60410 0.20698 0.02132
172.47340 1.35878 0.09606 -0.34385 10.60410 0.19779 0.02305
187.52244 1.35878 0.09606 -0.34385 10.60410 0.20578 0.03378
210.35944 1.35878 0.09606 -0.34385 10.60410 0.12590 0.03364
256.08244 1.35878 0.09606 -0.34385 10.60410 0.35139 0.06512
277.91745 1.35878 0.09606 -0.34385 10.60410 0.38253 0.06171
293.05249 1.35878 0.09606 -0.34385 10.60410 0.52754 0.08970
20.83090 1.31734 0.10258 -0.49376 10.60410 2.28317 0.29396
36.39660 1.31734 0.10258 -0.49376 10.60410 0.77636 0.06219
51.74167 1.31734 0.10258 -0.49376 10.60410 0.31593 0.04160
72.99039 1.31734 0.10258 -0.49376 10.60410 0.31086 0.09232
119.25505 1.31734 0.10258 -0.49376 10.60410 0.10835 0.03432
142.41502 1.31734 0.10258 -0.49376 10.60410 0.09397 0.01606
157.47195 1.31734 0.10258 -0.49376 10.60410 0.07531 0.01219
172.47783 1.31734 0.10258 -0.49376 10.60410 0.09184 0.01497
187.51960 1.31734 0.10258 -0.49376 10.60410 0.07078 0.01934
202.53219 1.31734 0.10258 -0.49376 10.60410 0.09310 0.02953
256.03206 1.31734 0.10258 -0.49376 10.60410 0.09406 0.01539
277.90160 1.31734 0.10258 -0.49376 10.60410 0.17506 0.02374
293.05709 1.31734 0.10258 -0.49376 10.60410 0.24489 0.03679
308.27844 1.31734 0.10258 -0.49376 10.60410 0.34836 0.05189
323.57339 1.31734 0.10258 -0.49376 10.60410 0.72166 0.05672
339.14484 1.31734 0.10258 -0.49376 10.60410 2.80578 0.35359
20.96281 1.29884 0.11002 -0.65219 10.60410 1.07694 0.13750
36.44261 1.29884 0.11002 -0.65219 10.60410 0.38364 0.04308
51.74460 1.29884 0.11002 -0.65219 10.60410 0.18730 0.04243
73.07785 1.29884 0.11002 -0.65219 10.60410 0.12821 0.02583
149.74050 1.29884 0.11002 -0.65219 10.60410 0.04626 0.01044
187.64480 1.29884 0.11002 -0.65219 10.60410 0.02787 0.00888
249.31302 1.29884 0.11002 -0.65219 10.60410 0.04601 0.01130
286.94074 1.29884 0.11002 -0.65219 10.60410 0.08009 0.01710
318.66081 1.29884 0.11002 -0.65219 10.60410 0.25738 0.02976
338.99851 1.29884 0.11002 -0.65219 10.60410 1.09159 0.12838
21.96880 1.62764 0.10442 -0.12938 10.60410 10.36093 1.46331
36.94111 1.62764 0.10442 -0.12938 10.60410 5.25184 0.60444
51.99586 1.62764 0.10442 -0.12938 10.60410 3.75519 0.47164
67.07201 1.62764 0.10442 -0.12938 10.60410 3.20685 0.34717
82.16475 1.62764 0.10442 -0.12938 10.60410 1.89221 0.27483
103.91632 1.62764 0.10442 -0.12938 10.60410 1.16148 0.26352
142.40853 1.62764 0.10442 -0.12938 10.60410 0.74627 0.11517
179.98381 1.62764 0.10442 -0.12938 10.60410 0.71756 0.14306
271.33808 1.62764 0.10442 -0.12938 10.60410 1.49174 0.24205
292.89839 1.62764 0.10442 -0.12938 10.60410 2.75855 0.31509
307.99857 1.62764 0.10442 -0.12938 10.60410 3.88449 0.37931
323.04614 1.62764 0.10442 -0.12938 10.60410 6.13577 0.64215
338.05383 1.62764 0.10442 -0.12938 10.60410 7.69103 1.24424
36.70842 1.62492 0.10329 -0.20138 10.60410 3.82768 0.34554
51.85236 1.62492 0.10329 -0.20138 10.60410 1.90085 0.16409
67.00579 1.62492 0.10329 -0.20138 10.60410 1.43441 0.10970
82.12970 1.62492 0.10329 -0.20138 10.60410 1.36170 0.14888
97.17939 1.62492 0.10329 -0.20138 10.60410 1.20997 0.42702
112.25109 1.62492 0.10329 -0.20138 10.60410 0.63381 0.12289
127.29511 1.62492 0.10329 -0.20138 10.60410 0.54333 0.05429
142.37017 1.62492 0.10329 -0.20138 10.60410 0.45144 0.03761
157.44187 1.62492 0.10329 -0.20138 10.60410 0.43885 0.03532
172.49472 1.62492 0.10329 -0.20138 10.60410 0.39763 0.04547
195.15603 1.62492 0.10329 -0.20138 10.60410 0.42566 0.06410
271.44586 1.62492 0.10329 -0.20138 10.60410 0.95282 0.10854
292.97386 1.62492 0.10329 -0.20138 10.60410 1.35085 0.11941
308.09924 1.62492 0.10329 -0.20138 10.60410 1.99634 0.14428
338.51239 1.62492 0.10329 -0.20138 10.60410 10.07348 1.87930
36.55783 1.63262 0.10222 -0.32796 10.60410 1.76062 0.12108
51.75757 1.63262 0.10222 -0.32796 10.60410 0.96716 0.06236
72.98503 1.63262 0.10222 -0.32796 10.60410 0.51762 0.04572
112.23532 1.63262 0.10222 -0.32796 10.60410 0.21944 0.06963
134.36101 1.63262 0.10222 -0.32796 10.60410 0.17397 0.01364
157.43049 1.63262 0.10222 -0.32796 10.60410 0.17781 0.01554
180.00625 1.63262 0.10222 -0.32796 10.60410 0.18210 0.01699
247.75816 1.63262 0.10222 -0.32796 10.60410 0.25054 0.05330
262.79533 1.63262 0.10222 -0.32796 10.60410 0.16390 0.03076
277.91941 1.63262 0.10222 -0.32796 10.60410 0.43353 0.06261
293.01361 1.63262 0.10222 -0.32796 10.60410 0.53607 0.05006
308.20089 1.63262 0.10222 -0.32796 10.60410 0.94315 0.06069
323.45263 1.63262 0.10222 -0.32796 10.60410 1.75999 0.11853
20.97036 1.60546 0.10950 -0.47267 10.60410 1.73778 0.28675
36.49344 1.60546 0.10950 -0.47267 10.60410 0.70290 0.03822
51.78805 1.60546 0.10950 -0.47267 10.60410 0.33233 0.02431
66.97631 1.60546 0.10950 -0.47267 10.60410 0.20322 0.03949
127.35460 1.60546 0.10950 -0.47267 10.60410 0.07365 0.01688
142.37934 1.60546 0.10950 -0.47267 10.60410 0.07217 0.00984
157.46110 1.60546 0.10950 -0.47267 10.60410 0.04708 0.00694
172.47352 1.60546 0.10950 -0.47267 10.60410 0.06396 0.00953
195.15233 1.60546 0.10950 -0.47267 10.60410 0.04794 0.01314
240.85726 1.60546 0.10950 -0.47267 10.60410 0.05753 0.01195
262.84769 1.60546 0.10950 -0.47267 10.60410 0.09590 0.01325
277.94570 1.60546 0.10950 -0.47267 10.60410 0.12921 0.01818
293.02362 1.60546 0.10950 -0.47267 10.60410 0.23142 0.03597
308.21072 1.60546 0.10950 -0.47267 10.60410 0.33331 0.02552
323.51880 1.60546 0.10950 -0.47267 10.60410 0.71556 0.04196
339.05691 1.60546 0.10950 -0.47267 10.60410 1.73795 0.30812
21.28437 1.59936 0.10886 -0.67430 10.60410 0.69630 0.07807
36.55027 1.59936 0.10886 -0.67430 10.60410 0.31542 0.02461
51.80810 1.59936 0.10886 -0.67430 10.60410 0.18689 0.02464
78.67405 1.59936 0.10886 -0.67430 10.60410 0.06200 0.01714
134.48359 1.59936 0.10886 -0.67430 10.60410 0.02949 0.00660
157.43012 1.59936 0.10886 -0.67430 10.60410 0.02954 0.00681
187.66286 1.59936 0.10886 -0.67430 10.60410 0.02222 0.00550
249.63532 1.59936 0.10886 -0.67430 10.60410 0.02857 0.00523
286.93842 1.59936 0.10886 -0.67430 10.60410 0.05419 0.01324
308.21063 1.59936 0.10886 -0.67430 10.60410 0.09036 0.01665
323.40699 1.59936 0.10886 -0.67430 10.60410 0.27515 0.02238
338.71945 1.59936 0.10886 -0.67430 10.60410 0.75655 0.07638
7.41797 1.32800 0.13349 -0.12917 10.60410 3.73048 1.45693
28.81350 1.32800 0.13349 -0.12917 10.60410 2.77061 0.91830
95.37693 1.32800 0.13349 -0.12917 10.60410 0.56599 0.15618
141.62839 1.32800 0.13349 -0.12917 10.60410 0.26719 0.06607
195.63291 1.32800 0.13349 -0.12917 10.60410 0.27421 0.07383
104.18492 1.32724 0.13349 -0.19682 10.60410 0.27882 0.05896
127.39177 1.32724 0.13349 -0.19682 10.60410 0.23823 0.05241
142.39278 1.32724 0.13349 -0.19682 10.60410 0.25512 0.04099
157.46575 1.32724 0.13349 -0.19682 10.60410 0.21564 0.03793
172.48179 1.32724 0.13349 -0.19682 10.60410 0.22007 0.04485
187.52208 1.32724 0.13349 -0.19682 10.60410 0.25549 0.04876
202.53134 1.32724 0.13349 -0.19682 10.60410 0.23469 0.04403
225.42477 1.32724 0.13349 -0.19682 10.60410 0.26523 0.07443
119.44629 1.32597 0.13317 -0.32304 10.60410 0.19764 0.03464
142.46181 1.32597 0.13317 -0.32304 10.60410 0.10544 0.02175
157.47960 1.32597 0.13317 -0.32304 10.60410 0.12748 0.02235
172.48155 1.32597 0.13317 -0.32304 10.60410 0.10397 0.02188
187.52989 1.32597 0.13317 -0.32304 10.60410 0.07180 0.02108
210.22592 1.32597 0.13317 -0.32304 10.60410 0.11978 0.02131
286.51669 1.32597 0.13317 -0.32304 10.60410 0.26335 0.06385
317.61240 1.32597 0.13317 -0.32304 10.60410 0.34989 0.08980
8.28098 1.32716 0.13099 -0.51575 10.60410 3.87173 0.51716
36.54754 1.32716 0.13099 -0.51575 10.60410 0.40261 0.08820
57.70199 1.32716 0.13099 -0.51575 10.60410 0.14875 0.05367
134.65656 1.32716 0.13099 -0.51575 10.60410 0.07743 0.01592
157.43962 1.32716 0.13099 -0.51575 10.60410 0.06769 0.01639
172.50246 1.32716 0.13099 -0.51575 10.60410 0.05805 0.01582
202.80171 1.32716 0.13099 -0.51575 10.60410 0.04594 0.01139
271.08593 1.32716 0.13099 -0.51575 10.60410 0.07549 0.01626
292.95076 1.32716 0.13099 -0.51575 10.60410 0.14496 0.02741
323.51029 1.32716 0.13099 -0.51575 10.60410 0.38074 0.07412
338.89617 1.32716 0.13099 -0.51575 10.60410 1.24799 0.16229
36.39717 1.30223 0.13429 -0.70452 10.60410 0.23338 0.05695
62.99546 1.30223 0.13429 -0.70452 10.60410 0.07710 0.01581
142.06543 1.30223 0.13429 -0.70452 10.60410 0.03942 0.01214
264.29520 1.30223 0.13429 -0.70452 10.60410 0.04408 0.01165
314.46756 1.30223 0.13429 -0.70452 10.60410 0.11023 0.02548
7.39146 1.69713 0.13245 -0.12911 10.60410 2.65114 0.24800
22.22482 1.69713 0.13245 -0.12911 10.60410 2.00408 0.16249
37.14173 1.69713 0.13245 -0.12911 10.60410 1.26502 0.12948
52.14778 1.69713 0.13245 -0.12911 10.60410 1.01592 0.15786
67.11930 1.69713 0.13245 -0.12911 10.60410 1.26387 0.27545
82.18188 1.69713 0.13245 -0.12911 10.60410 0.81350 0.21111
97.24977 1.69713 0.13245 -0.12911 10.60410 0.52694 0.12008
112.27603 1.69713 0.13245 -0.12911 10.60410 0.41530 0.08697
127.33144 1.69713 0.13245 -0.12911 10.60410 0.47283 0.06916
142.40412 1.69713 0.13245 -0.12911 10.60410 0.27355 0.04114
164.82171 1.69713 0.13245 -0.12911 10.60410 0.21381 0.03096
286.34569 1.69713 0.13245 -0.12911 10.60410 0.93312 0.21311
307.85221 1.69713 0.13245 -0.12911 10.60410 1.28432 0.16010
322.85211 1.69713 0.13245 -0.12911 10.60410 1.56677 0.14421
337.78364 1.69713 0.13245 -0.12911 10.60410 1.97924 0.18923
352.59597 1.69713 0.13245 -0.12911 10.60410 2.47674 0.25606
7.28141 1.69762 0.13227 -0.19666 10.60410 2.35278 0.17318
21.98994 1.69762 0.13227 -0.19666 10.60410 1.97633 0.12155
36.95637 1.69762 0.13227 -0.19666 10.60410 1.17060 0.07365
51.99963 1.69762 0.13227 -0.19666 10.60410 0.74114 0.06520
67.09920 1.69762 0.13227 -0.19666 10.60410 0.62310 0.09697
82.15819 1.69762 0.13227 -0.19666 10.60410 0.99763 0.26178
97.24334 1.69762 0.13227 -0.19666 10.60410 0.57306 0.08579
112.27004 1.69762 0.13227 -0.19666 10.60410 0.27371 0.03241
127.32012 1.69762 0.13227 -0.19666 10.60410 0.23901 0.02066
142.41259 1.69762 0.13227 -0.19666 10.60410 0.23143 0.01560
157.44094 1.69762 0.13227 -0.19666 10.60410 0.23244 0.01552
172.47025 1.69762 0.13227 -0.19666 10.60410 0.20053 0.01773
187.52571 1.69762 0.13227 -0.19666 10.60410 0.22666 0.02120
202.56317 1.69762 0.13227 -0.19666 10.60410 0.18653 0.02144
225.56492 1.69762 0.13227 -0.19666 10.60410 0.17159 0.03437
286.51518 1.69762 0.13227 -0.19666 10.60410 0.42928 0.07612
307.97162 1.69762 0.13227 -0.19666 10.60410 0.88439 0.07346
323.01717 1.69762 0.13227 -0.19666 10.60410 1.26192 0.07039
337.99420 1.69762 0.13227 -0.19666 10.60410 1.59366 0.09552
352.70091 1.69762 0.13227 -0.19666 10.60410 2.37591 0.18881
6.72597 1.70581 0.13116 -0.32448 10.60410 2.40187 0.23707
21.59711 1.70581 0.13116 -0.32448 10.60410 1.29701 0.07274
36.73455 1.70581 0.13116 -0.32448 10.60410 0.74201 0.03774
51.90798 1.70581 0.13116 -0.32448 10.60410 0.43740 0.03625
67.00460 1.70581 0.13116 -0.32448 10.60410 0.23979 0.05511
103.99479 1.70581 0.13116 -0.32448 10.60410 0.12615 0.01882
127.36212 1.70581 0.13116 -0.32448 10.60410 0.10283 0.01135
142.40899 1.70581 0.13116 -0.32448 10.60410 0.09096 0.00740
157.46206 1.70581 0.13116 -0.32448 10.60410 0.08877 0.00683
172.48401 1.70581 0.13116 -0.32448 10.60410 0.09717 0.00831
187.52032 1.70581 0.13116 -0.32448 10.60410 0.07236 0.00889
202.54584 1.70581 0.13116 -0.32448 10.60410 0.09961 0.01245
217.59499 1.70581 0.13116 -0.32448 10.60410 0.07478 0.02103
255.96258 1.70581 0.13116 -0.32448 10.60410 0.12308 0.02108
277.85751 1.70581 0.13116 -0.32448 10.60410 0.19318 0.02683
292.97279 1.70581 0.13116 -0.32448 10.60410 0.25983 0.03757
308.07610 1.70581 0.13116 -0.32448 10.60410 0.37797 0.03183
323.24034 1.70581 0.13116 -0.32448 10.60410 0.71295 0.03660
338.38012 1.70581 0.13116 -0.32448 10.60410 1.42283 0.07533
353.24675 1.70581 0.13116 -0.32448 10.60410 2.28239 0.18687
21.04888 1.71935 0.12603 -0.52312 10.60410 1.10354 0.07199
36.52420 1.71935 0.12603 -0.52312 10.60410 0.42053 0.02283
57.49410 1.71935 0.12603 -0.52312 10.60410 0.19041 0.01991
119.31683 1.71935 0.12603 -0.52312 10.60410 0.04025 0.00716
142.43377 1.71935 0.12603 -0.52312 10.60410 0.04168 0.00502
157.42351 1.71935 0.12603 -0.52312 10.60410 0.04547 0.00460
172.48287 1.71935 0.12603 -0.52312 10.60410 0.03966 0.00463
187.52362 1.71935 0.12603 -0.52312 10.60410 0.03248 0.00567
210.26839 1.71935 0.12603 -0.52312 10.60410 0.02780 0.00545
247.68222 1.71935 0.12603 -0.52312 10.60410 0.05276 0.01269
262.77893 1.71935 0.12603 -0.52312 10.60410 0.06726 0.00909
277.86632 1.71935 0.12603 -0.52312 10.60410 0.08500 0.00876
293.01938 1.71935 0.12603 -0.52312 10.60410 0.10848 0.01141
308.19702 1.71935 0.12603 -0.52312 10.60410 0.15968 0.01692
323.50744 1.71935 0.12603 -0.52312 10.60410 0.37133 0.02047
338.95639 1.71935 0.12603 -0.52312 10.60410 1.36104 0.08154
20.81420 1.64842 0.13541 -0.69294 10.60410 0.56118 0.04716
36.43967 1.64842 0.13541 -0.69294 10.60410 0.16216 0.01321
51.76586 1.64842 0.13541 -0.69294 10.60410 0.08925 0.01373
73.15883 1.64842 0.13541 -0.69294 10.60410 0.03595 0.00755
134.58182 1.64842 0.13541 -0.69294 10.60410 0.02181 0.00411
157.48644 1.64842 0.13541 -0.69294 10.60410 0.02138 0.00390
172.50133 1.64842 0.13541 -0.69294 10.60410 0.02290 0.00444
195.10380 1.64842 0.13541 -0.69294 10.60410 0.01193 0.00351
255.84570 1.64842 0.13541 -0.69294 10.60410 0.02242 0.00388
277.85970 1.64842 0.13541 -0.69294 10.60410 0.04410 0.00588
293.00917 1.64842 0.13541 -0.69294 10.60410 0.04322 0.00712
308.26670 1.64842 0.13541 -0.69294 10.60410 0.06091 0.01387
323.54138 1.64842 0.13541 -0.69294 10.60410 0.16422 0.01636
339.22108 1.64842 0.13541 -0.69294 10.60410 0.59203 0.04466
36.44912 1.64159 0.14471 -0.85463 10.60410 0.08733 0.01211
51.76976 1.64159 0.14471 -0.85463 10.60410 0.04724 0.01030
79.20747 1.64159 0.14471 -0.85463 10.60410 0.02185 0.00447
134.65094 1.64159 0.14471 -0.85463 10.60410 0.01694 0.00455
164.90982 1.64159 0.14471 -0.85463 10.60410 0.01811 0.00326
248.94021 1.64159 0.14471 -0.85463 10.60410 0.01554 0.00333
277.84193 1.64159 0.14471 -0.85463 10.60410 0.02182 0.00513
292.99924 1.64159 0.14471 -0.85463 10.60410 0.03401 0.00854
323.54079 1.64159 0.14471 -0.85463 10.60410 0.07370 0.01063
7.36327 2.13587 0.13728 -0.12917 10.60410 4.49425 0.27693
22.14465 2.13587 0.13728 -0.12917 10.60410 2.87098 0.17181
37.04282 2.13587 0.13728 -0.12917 10.60410 2.01414 0.14028
52.09015 2.13587 0.13728 -0.12917 10.60410 1.45667 0.12475
67.15529 2.13587 0.13728 -0.12917 10.60410 1.10852 0.13156
82.18204 2.13587 0.13728 -0.12917 10.60410 0.92210 0.17317
195.16828 2.13587 0.13728 -0.12917 10.60410 0.32969 0.07484
271.27341 2.13587 0.13728 -0.12917 10.60410 0.99413 0.26199
292.87520 2.13587 0.13728 -0.12917 10.60410 1.41193 0.17164
307.89785 2.13587 0.13728 -0.12917 10.60410 1.50231 0.10736
322.89299 2.13587 0.13728 -0.12917 10.60410 2.16337 0.13035
337.85910 2.13587 0.13728 -0.12917 10.60410 2.93775 0.18989
352.63527 2.13587 0.13728 -0.12917 10.60410 3.98255 0.29293
7.12754 2.13551 0.13680 -0.19743 10.60410 4.66907 0.25253
21.84653 2.13551 0.13680 -0.19743 10.60410 2.90808 0.11749
36.85654 2.13551 0.13680 -0.19743 10.60410 1.58928 0.06080
51.97655 2.13551 0.13680 -0.19743 10.60410 0.98859 0.05041
67.06566 2.13551 0.13680 -0.19743 10.60410 0.77441 0.05743
82.16903 2.13551 0.13680 -0.19743 10.60410 0.65783 0.10204
97.21067 2.13551 0.13680 -0.19743 10.60410 0.33599 0.05542
112.26453 2.13551 0.13680 -0.19743 10.60410 0.28404 0.03360
127.29818 2.13551 0.13680 -0.19743 10.60410 0.22085 0.01924
142.36029 2.13551 0.13680 -0.19743 10.60410 0.25784 0.01858
157.44782 2.13551 0.13680 -0.19743 10.60410 0.20614 0.01589
172.48230 2.13551 0.13680 -0.19743 10.60410 0.17978 0.01948
187.54664 2.13551 0.13680 -0.19743 10.60410 0.17805 0.02522
210.34309 2.13551 0.13680 -0.19743 10.60410 0.17766 0.02777
265.32042 2.13551 0.13680 -0.19743 10.60410 0.28758 0.04908
292.95855 2.13551 0.13680 -0.19743 10.60410 0.65499 0.04926
308.02351 2.13551 0.13680 -0.19743 10.60410 1.04463 0.04872
323.11730 2.13551 0.13680 -0.19743 10.60410 1.75632 0.06449
338.13357 2.13551 0.13680 -0.19743 10.60410 2.76714 0.11839
352.85572 2.13551 0.13680 -0.19743 10.60410 4.21853 0.23735
21.30197 2.12600 0.13185 -0.34354 10.60410 2.81011 0.15753
36.67492 2.12600 0.13185 -0.34354 10.60410 0.97704 0.03685
51.84744 2.12600 0.13185 -0.34354 10.60410 0.48756 0.02521
73.12658 2.12600 0.13185 -0.34354 10.60410 0.29772 0.03005
103.87020 2.12600 0.13185 -0.34354 10.60410 0.12658 0.01696
127.30041 2.12600 0.13185 -0.34354 10.60410 0.11250 0.01075
142.37789 2.12600 0.13185 -0.34354 10.60410 0.10088 0.00813
157.43294 2.12600 0.13185 -0.34354 10.60410 0.07812 0.00636
172.46293 2.12600 0.13185 -0.34354 10.60410 0.06528 0.00721
187.52246 2.12600 0.13185 -0.34354 10.60410 0.08739 0.01247
202.54727 2.12600 0.13185 -0.34354 10.60410 0.07279 0.01445
234.18348 2.12600 0.13185 -0.34354 10.60410 0.10481 0.01643
262.80497 2.12600 0.13185 -0.34354 10.60410 0.09825 0.01449
277.87056 2.12600 0.13185 -0.34354 10.60410 0.14379 0.02233
293.00616 2.12600 0.13185 -0.34354 10.60410 0.30988 0.02994
308.15566 2.12600 0.13185 -0.34354 10.60410 0.48483 0.02555
323.33509 2.12600 0.13185 -0.34354 10.60410 0.97150 0.03547
338.69946 2.12600 0.13185 -0.34354 10.60410 2.70322 0.14561
36.48190 2.09828 0.13270 -0.47424 10.60410 0.48240 0.02171
51.79799 2.09828 0.13270 -0.47424 10.60410 0.26195 0.01842
66.98073 2.09828 0.13270 -0.47424 10.60410 0.16390 0.03903
112.26732 2.09828 0.13270 -0.47424 10.60410 0.07006 0.01568
127.31358 2.09828 0.13270 -0.47424 10.60410 0.04313 0.00717
142.38573 2.09828 0.13270 -0.47424 10.60410 0.04434 0.00529
157.43395 2.09828 0.13270 -0.47424 10.60410 0.04113 0.00468
172.48276 2.09828 0.13270 -0.47424 10.60410 0.04389 0.00574
187.50113 2.09828 0.13270 -0.47424 10.60410 0.05049 0.00902
218.59386 2.09828 0.13270 -0.47424 10.60410 0.03712 0.00828
247.72509 2.09828 0.13270 -0.47424 10.60410 0.04373 0.00810
262.81358 2.09828 0.13270 -0.47424 10.60410 0.05971 0.00760
277.92195 2.09828 0.13270 -0.47424 10.60410 0.09322 0.01093
293.01971 2.09828 0.13270 -0.47424 10.60410 0.11669 0.01771
308.16327 2.09828 0.13270 -0.47424 10.60410 0.23608 0.01657
323.50281 2.09828 0.13270 -0.47424 10.60410 0.47384 0.02262
21.01431 2.09582 0.14529 -0.67041 10.60410 0.41590 0.04186
36.51554 2.09582 0.14529 -0.67041 10.60410 0.17005 0.01085
57.48079 2.09582 0.14529 -0.67041 10.60410 0.06517 0.00731
126.06737 2.09582 0.14529 -0.67041 10.60410 0.01614 0.00276
157.45651 2.09582 0.14529 -0.67041 10.60410 0.00850 0.00218
187.66917 2.09582 0.14529 -0.67041 10.60410 0.01485 0.00250
240.74613 2.09582 0.14529 -0.67041 10.60410 0.01309 0.00335
262.80097 2.09582 0.14529 -0.67041 10.60410 0.01623 0.00346
277.94163 2.09582 0.14529 -0.67041 10.60410 0.03433 0.00541
293.00518 2.09582 0.14529 -0.67041 10.60410 0.04991 0.01067
308.22467 2.09582 0.14529 -0.67041 10.60410 0.06429 0.00953
323.46911 2.09582 0.14529 -0.67041 10.60410 0.15030 0.01028
338.97015 2.09582 0.14529 -0.67041 10.60410 0.50006 0.04674
7.37644 1.32334 0.17667 -0.19685 10.60410 0.61599 0.20870
55.58368 1.32334 0.17667 -0.19685 10.60410 0.53333 0.16341
104.47302 1.32334 0.17667 -0.19685 10.60410 0.26717 0.07230
142.06976 1.32334 0.17667 -0.19685 10.60410 0.16003 0.05954
126.87436 1.32183 0.17665 -0.32163 10.60410 0.14156 0.03664
187.68565 1.32183 0.17665 -0.32163 10.60410 0.09407 0.03151
333.59820 1.31877 0.17612 -0.50144 10.60410 0.29991 0.09024
58.26901 1.30290 0.17199 -0.72702 10.60410 0.08003 0.03952
279.24870 1.30290 0.17199 -0.72702 10.60410 0.05947 0.02415
318.07395 1.30290 0.17199 -0.72702 10.60410 0.20634 0.07647
7.41934 1.68172 0.17560 -0.12918 10.60410 0.60460 0.08056
22.30422 1.68172 0.17560 -0.12918 10.60410 0.55800 0.07099
37.27529 1.68172 0.17560 -0.12918 10.60410 0.43170 0.06947
52.24536 1.68172 0.17560 -0.12918 10.60410 0.44585 0.10731
67.24709 1.68172 0.17560 -0.12918 10.60410 0.31934 0.09033
89.08761 1.68172 0.17560 -0.12918 10.60410 0.10554 0.02457
345.52175 1.68172 0.17560 -0.12918 10.60410 0.62560 0.12467
7.39084 1.67977 0.17579 -0.19630 10.60410 0.55734 0.05429
22.20807 1.67977 0.17579 -0.19630 10.60410 0.50712 0.04499
37.16468 1.67977 0.17579 -0.19630 10.60410 0.45748 0.06152
52.18314 1.67977 0.17579 -0.19630 10.60410 0.36045 0.07210
67.22116 1.67977 0.17579 -0.19630 10.60410 0.26184 0.05677
82.27333 1.67977 0.17579 -0.19630 10.60410 0.18961 0.02879
97.30347 1.67977 0.17579 -0.19630 10.60410 0.15218 0.01853
112.32460 1.67977 0.17579 -0.19630 10.60410 0.11218 0.01482
127.43192 1.67977 0.17579 -0.19630 10.60410 0.12213 0.01824
142.42394 1.67977 0.17579 -0.19630 10.60410 0.11909 0.01638
157.46323 1.67977 0.17579 -0.19630 10.60410 0.08734 0.01632
172.44771 1.67977 0.17579 -0.19630 10.60410 0.09705 0.02318
187.53020 1.67977 0.17579 -0.19630 10.60410 0.09225 0.02188
202.52427 1.67977 0.17579 -0.19630 10.60410 0.11279 0.02140
233.54845 1.67977 0.17579 -0.19630 10.60410 0.11906 0.02017
331.29185 1.67977 0.17579 -0.19630 10.60410 0.40188 0.10953
352.60766 1.67977 0.17579 -0.19630 10.60410 0.55444 0.07949
7.27364 1.67688 0.17576 -0.32046 10.60410 0.37154 0.03310
27.88297 1.67688 0.17576 -0.32046 10.60410 0.28201 0.03249
89.12086 1.67688 0.17576 -0.32046 10.60410 0.06972 0.01562
112.38458 1.67688 0.17576 -0.32046 10.60410 0.04287 0.00771
127.40198 1.67688 0.17576 -0.32046 10.60410 0.06790 0.01011
142.44335 1.67688 0.17576 -0.32046 10.60410 0.06569 0.00913
157.46660 1.67688 0.17576 -0.32046 10.60410 0.04707 0.00752
172.48451 1.67688 0.17576 -0.32046 10.60410 0.06974 0.01098
187.47767 1.67688 0.17576 -0.32046 10.60410 0.05728 0.01055
202.52877 1.67688 0.17576 -0.32046 10.60410 0.06041 0.00996
225.29796 1.67688 0.17576 -0.32046 10.60410 0.02719 0.00728
295.78965 1.67688 0.17576 -0.32046 10.60410 0.13617 0.04013
332.07449 1.67688 0.17576 -0.32046 10.60410 0.25397 0.02718
352.72998 1.67688 0.17576 -0.32046 10.60410 0.43849 0.03725
6.87056 1.67320 0.17526 -0.49852 10.60410 0.48412 0.03972
26.61775 1.67320 0.17526 -0.49852 10.60410 0.21353 0.01976
104.36363 1.67320 0.17526 -0.49852 10.60410 0.02705 0.00811
127.39518 1.67320 0.17526 -0.49852 10.60410 0.03595 0.00701
142.43358 1.67320 0.17526 -0.49852 10.60410 0.02792 0.00623
157.48271 1.67320 0.17526 -0.49852 10.60410 0.03682 0.00718
172.52050 1.67320 0.17526 -0.49852 10.60410 0.02405 0.00616
187.48037 1.67320 0.17526 -0.49852 10.60410 0.02270 0.00716
210.13561 1.67320 0.17526 -0.49852 10.60410 0.02559 0.00537
270.88496 1.67320 0.17526 -0.49852 10.60410 0.05016 0.00794
292.89683 1.67320 0.17526 -0.49852 10.60410 0.05895 0.01045
308.02248 1.67320 0.17526 -0.49852 10.60410 0.07415 0.01375
323.22053 1.67320 0.17526 -0.49852 10.60410 0.11261 0.02203
338.41698 1.67320 0.17526 -0.49852 10.60410 0.29179 0.02418
353.15443 1.67320 0.17526 -0.49852 10.60410 0.54822 0.03704
5.28643 1.66839 0.17261 -0.71276 10.60410 1.24093 0.19344
21.05267 1.66839 0.17261 -0.71276 10.60410 0.28547 0.03676
36.54882 1.66839 0.17261 -0.71276 10.60410 0.07488 0.01964
51.87994 1.66839 0.17261 -0.71276 10.60410 0.03592 0.00986
73.72542 1.66839 0.17261 -0.71276 10.60410 0.02453 0.00813
164.96080 1.66839 0.17261 -0.71276 10.60410 0.01028 0.00422
202.69090 1.66839 0.17261 -0.71276 10.60410 0.00987 0.00418
255.47831 1.66839 0.17261 -0.71276 10.60410 0.02863 0.00618
277.73751 1.66839 0.17261 -0.71276 10.60410 0.03069 0.00591
292.87368 1.66839 0.17261 -0.71276 10.60410 0.03092 0.00606
308.10592 1.66839 0.17261 -0.71276 10.60410 0.04311 0.00906
323.49106 1.66839 0.17261 -0.71276 10.60410 0.07148 0.01409
338.95427 1.66839 0.17261 -0.71276 10.60410 0.24587 0.02431
354.66763 1.66839 0.17261 -0.71276 10.60410 1.63060 0.21564
41.56648 1.65532 0.17154 -0.90693 10.60410 0.02909 0.00606
80.32703 1.65532 0.17154 -0.90693 10.60410 0.00954 0.00387
126.99118 1.65532 0.17154 -0.90693 10.60410 0.01223 0.00541
292.88310 1.65532 0.17154 -0.90693 10.60410 0.01778 0.00564
318.43573 1.65532 0.17154 -0.90693 10.60410 0.04187 0.01125
7.41755 2.22659 0.17412 -0.12911 10.60410 0.73888 0.06209
22.29907 2.22659 0.17412 -0.12911 10.60410 0.67033 0.05854
37.23785 2.22659 0.17412 -0.12911 10.60410 0.42164 0.04837
52.20752 2.22659 0.17412 -0.12911 10.60410 0.37695 0.06416
67.20318 2.22659 0.17412 -0.12911 10.60410 0.33032 0.05775
82.22927 2.22659 0.17412 -0.12911 10.60410 0.20548 0.03734
301.20125 2.22659 0.17412 -0.12911 10.60410 0.46578 0.09728
322.74287 2.22659 0.17412 -0.12911 10.60410 0.44966 0.05761
337.68440 2.22659 0.17412 -0.12911 10.60410 0.54404 0.06261
352.56977 2.22659 0.17412 -0.12911 10.60410 0.66917 0.06492
7.36420 2.22640 0.17411 -0.19597 10.60410 0.68355 0.03237
22.19678 2.22640 0.17411 -0.19597 10.60410 0.61607 0.02744
37.10533 2.22640 0.17411 -0.19597 10.60410 0.42375 0.02470
52.11735 2.22640 0.17411 -0.19597 10.60410 0.27303 0.02722
67.13681 2.22640 0.17411 -0.19597 10.60410 0.33236 0.03709
82.23126 2.22640 0.17411 -0.19597 10.60410 0.19374 0.01825
97.22954 2.22640 0.17411 -0.19597 10.60410 0.15139 0.01233
112.29606 2.22640 0.17411 -0.19597 10.60410 0.14040 0.01200
127.38070 2.22640 0.17411 -0.19597 10.60410 0.12506 0.01000
142.37550 2.22640 0.17411 -0.19597 10.60410 0.10005 0.00765
157.41298 2.22640 0.17411 -0.19597 10.60410 0.09033 0.00748
172.45523 2.22640 0.17411 -0.19597 10.60410 0.09131 0.01034
187.50501 2.22640 0.17411 -0.19597 10.60410 0.10393 0.01235
202.54291 2.22640 0.17411 -0.19597 10.60410 0.09294 0.01138
217.59321 2.22640 0.17411 -0.19597 10.60410 0.09824 0.01462
240.70679 2.22640 0.17411 -0.19597 10.60410 0.08154 0.02034
286.32363 2.22640 0.17411 -0.19597 10.60410 0.22280 0.06136
307.84364 2.22640 0.17411 -0.19597 10.60410 0.31131 0.03477
322.91509 2.22640 0.17411 -0.19597 10.60410 0.46384 0.02948
337.79312 2.22640 0.17411 -0.19597 10.60410 0.60426 0.02966
352.60429 2.22640 0.17411 -0.19597 10.60410 0.67994 0.03298
7.21742 2.22829 0.17370 -0.32016 10.60410 0.57736 0.02655
21.94475 2.22829 0.17370 -0.32016 10.60410 0.44737 0.01869
36.93557 2.22829 0.17370 -0.32016 10.60410 0.27399 0.01470
51.98915 2.22829 0.17370 -0.32016 10.60410 0.13970 0.01566
67.08158 2.22829 0.17370 -0.32016 10.60410 0.12578 0.03797
82.15495 2.22829 0.17370 -0.32016 10.60410 0.06493 0.01370
97.24073 2.22829 0.17370 -0.32016 10.60410 0.06782 0.00771
112.30960 2.22829 0.17370 -0.32016 10.60410 0.06105 0.00592
127.34321 2.22829 0.17370 -0.32016 10.60410 0.04935 0.00454
142.40513 2.22829 0.17370 -0.32016 10.60410 0.04964 0.00361
157.44756 2.22829 0.17370 -0.32016 10.60410 0.03935 0.00314
172.45707 2.22829 0.17370 -0.32016 10.60410 0.04009 0.00378
187.52948 2.22829 0.17370 -0.32016 10.60410 0.04959 0.00541
202.53985 2.22829 0.17370 -0.32016 10.60410 0.04769 0.00532
217.59578 2.22829 0.17370 -0.32016 10.60410 0.04265 0.00604
240.67747 2.22829 0.17370 -0.32016 10.60410 0.04458 0.00996
262.72077 2.22829 0.17370 -0.32016 10.60410 0.05892 0.01220
277.81807 2.22829 0.17370 -0.32016 10.60410 0.06503 0.01141
292.89800 2.22829 0.17370 -0.32016 10.60410 0.10095 0.01826
308.00764 2.22829 0.17370 -0.32016 10.60410 0.15390 0.01710
323.06484 2.22829 0.17370 -0.32016 10.60410 0.26170 0.01349
338.05858 2.22829 0.17370 -0.32016 10.60410 0.44072 0.01697
352.82087 2.22829 0.17370 -0.32016 10.60410 0.59732 0.02492
21.47722 2.25984 0.17066 -0.50620 10.60410 0.38354 0.01846
36.69732 2.25984 0.17066 -0.50620 10.60410 0.16895 0.00940
57.76640 2.25984 0.17066 -0.50620 10.60410 0.08301 0.01266
104.11742 2.25984 0.17066 -0.50620 10.60410 0.02700 0.00352
127.37260 2.25984 0.17066 -0.50620 10.60410 0.01959 0.00289
142.38908 2.25984 0.17066 -0.50620 10.60410 0.02690 0.00255
157.47518 2.25984 0.17066 -0.50620 10.60410 0.01695 0.00186
172.48485 2.25984 0.17066 -0.50620 10.60410 0.02073 0.00233
187.50217 2.25984 0.17066 -0.50620 10.60410 0.01263 0.00240
202.53836 2.25984 0.17066 -0.50620 10.60410 0.01883 0.00314
225.40150 2.25984 0.17066 -0.50620 10.60410 0.02054 0.00384
247.66930 2.25984 0.17066 -0.50620 10.60410 0.02114 0.00472
262.73328 2.25984 0.17066 -0.50620 10.60410 0.02388 0.00369
277.83006 2.25984 0.17066 -0.50620 10.60410 0.04311 0.00444
292.94650 2.25984 0.17066 -0.50620 10.60410 0.05993 0.00632
308.09231 2.25984 0.17066 -0.50620 10.60410 0.08730 0.00895
323.27549 2.25984 0.17066 -0.50620 10.60410 0.15967 0.00968
338.55740 2.25984 0.17066 -0.50620 10.60410 0.36879 0.01550
36.52702 2.28964 0.16524 -0.73444 10.60410 0.09377 0.00746
51.83939 2.28964 0.16524 -0.73444 10.60410 0.04107 0.00752
73.33094 2.28964 0.16524 -0.73444 10.60410 0.02187 0.00503
119.44702 2.28964 0.16524 -0.73444 10.60410 0.00809 0.00180
142.42599 2.28964 0.16524 -0.73444 10.60410 0.00716 0.00168
157.46171 2.28964 0.16524 -0.73444 10.60410 0.01076 0.00183
172.49868 2.28964 0.16524 -0.73444 10.60410 0.01233 0.00221
233.54882 2.28964 0.16524 -0.73444 10.60410 0.01030 0.00210
262.72215 2.28964 0.16524 -0.73444 10.60410 0.01728 0.00263
277.80978 2.28964 0.16524 -0.73444 10.60410 0.02182 0.00274
292.95976 2.28964 0.16524 -0.73444 10.60410 0.02709 0.00336
308.18835 2.28964 0.16524 -0.73444 10.60410 0.04383 0.00594
323.43906 2.28964 0.16524 -0.73444 10.60410 0.08490 0.00673
36.46870 2.19400 0.17502 -0.89838 10.60410 0.04989 0.00559
51.78851 2.19400 0.17502 -0.89838 10.60410 0.02952 0.00499
67.06386 2.19400 0.17502 -0.89838 10.60410 0.01449 0.00321
95.47804 2.19400 0.17502 -0.89838 10.60410 0.01337 0.00347
141.93219 2.19400 0.17502 -0.89838 10.60410 0.00557 0.00123
187.60691 2.19400 0.17502 -0.89838 10.60410 0.00475 0.00142
233.39867 2.19400 0.17502 -0.89838 10.60410 0.00497 0.00169
262.72924 2.19400 0.17502 -0.89838 10.60410 0.00599 0.00177
277.80733 2.19400 0.17502 -0.89838 10.60410 0.01501 0.00243
292.99279 2.19400 0.17502 -0.89838 10.60410 0.01250 0.00241
308.19067 2.19400 0.17502 -0.89838 10.60410 0.02293 0.00526
323.52771 2.19400 0.17502 -0.89838 10.60410 0.03943 0.00505
7.31653 2.80485 0.18032 -0.19626 10.60410 1.04480 0.04130
22.08902 2.80485 0.18032 -0.19626 10.60410 0.81691 0.03125
37.05265 2.80485 0.18032 -0.19626 10.60410 0.53953 0.02488
52.06350 2.80485 0.18032 -0.19626 10.60410 0.41651 0.02765
67.12817 2.80485 0.18032 -0.19626 10.60410 0.31932 0.03724
82.17884 2.80485 0.18032 -0.19626 10.60410 0.19341 0.02518
97.22813 2.80485 0.18032 -0.19626 10.60410 0.14020 0.01614
112.24539 2.80485 0.18032 -0.19626 10.60410 0.11339 0.01334
127.32906 2.80485 0.18032 -0.19626 10.60410 0.09372 0.00955
142.37259 2.80485 0.18032 -0.19626 10.60410 0.08644 0.00862
157.42735 2.80485 0.18032 -0.19626 10.60410 0.09045 0.00983
172.46033 2.80485 0.18032 -0.19626 10.60410 0.07160 0.01146
187.51293 2.80485 0.18032 -0.19626 10.60410 0.09066 0.01673
202.55841 2.80485 0.18032 -0.19626 10.60410 0.10669 0.01951
253.25973 2.80485 0.18032 -0.19626 10.60410 0.06972 0.01613
292.84381 2.80485 0.18032 -0.19626 10.60410 0.32657 0.04914
307.92736 2.80485 0.18032 -0.19626 10.60410 0.43407 0.02669
322.91958 2.80485 0.18032 -0.19626 10.60410 0.57238 0.02501
337.91782 2.80485 0.18032 -0.19626 10.60410 0.75746 0.03047
352.66232 2.80485 0.18032 -0.19626 10.60410 0.99439 0.04104
6.93017 2.80293 0.17920 -0.32209 10.60410 0.98000 0.05048
21.72377 2.80293 0.17920 -0.32209 10.60410 0.61546 0.02382
36.79957 2.80293 0.17920 -0.32209 10.60410 0.34927 0.01380
51.95264 2.80293 0.17920 -0.32209 10.60410 0.22308 0.01386
67.03589 2.80293 0.17920 -0.32209 10.60410 0.16753 0.02956
82.15937 2.80293 0.17920 -0.32209 10.60410 0.06964 0.01474
97.20189 2.80293 0.17920 -0.32209 10.60410 0.06234 0.00806
112.32426 2.80293 0.17920 -0.32209 10.60410 0.05473 0.00628
127.35428 2.80293 0.17920 -0.32209 10.60410 0.04143 0.00420
142.38302 2.80293 0.17920 -0.32209 10.60410 0.03959 0.00348
157.43606 2.80293 0.17920 -0.32209 10.60410 0.03991 0.00353
172.48788 2.80293 0.17920 -0.32209 10.60410 0.03676 0.00415
187.52198 2.80293 0.17920 -0.32209 10.60410 0.03035 0.00503
202.54014 2.80293 0.17920 -0.32209 10.60410 0.04889 0.00720
225.57955 2.80293 0.17920 -0.32209 10.60410 0.03589 0.00762
247.71362 2.80293 0.17920 -0.32209 10.60410 0.04052 0.00933
262.79571 2.80293 0.17920 -0.32209 10.60410 0.06642 0.00955
277.85760 2.80293 0.17920 -0.32209 10.60410 0.05831 0.01049
292.95435 2.80293 0.17920 -0.32209 10.60410 0.12249 0.02120
308.06478 2.80293 0.17920 -0.32209 10.60410 0.18228 0.01143
323.15034 2.80293 0.17920 -0.32209 10.60410 0.34365 0.01316
338.25683 2.80293 0.17920 -0.32209 10.60410 0.60940 0.02310
353.06813 2.80293 0.17920 -0.32209 10.60410 0.95733 0.04815
36.61792 2.78596 0.17265 -0.51893 10.60410 0.19510 0.00897
51.85422 2.78596 0.17265 -0.51893 10.60410 0.11114 0.00899
78.89094 2.78596 0.17265 -0.51893 10.60410 0.04453 0.00859
112.28252 2.78596 0.17265 -0.51893 10.60410 0.02197 0.00412
127.32789 2.78596 0.17265 -0.51893 10.60410 0.01220 0.00227
142.39187 2.78596 0.17265 -0.51893 10.60410 0.01922 0.00221
157.47257 2.78596 0.17265 -0.51893 10.60410 0.01366 0.00179
172.48012 2.78596 0.17265 -0.51893 10.60410 0.01442 0.00219
187.50840 2.78596 0.17265 -0.51893 10.60410 0.01381 0.00319
202.56434 2.78596 0.17265 -0.51893 10.60410 0.01513 0.00379
233.99530 2.78596 0.17265 -0.51893 10.60410 0.02099 0.00286
262.78965 2.78596 0.17265 -0.51893 10.60410 0.01922 0.00309
277.89576 2.78596 0.17265 -0.51893 10.60410 0.03316 0.00439
292.99381 2.78596 0.17265 -0.51893 10.60410 0.04811 0.00845
308.15010 2.78596 0.17265 -0.51893 10.60410 0.08871 0.00758
36.54492 2.81707 0.17730 -0.65217 10.60410 0.09524 0.00641
57.57412 2.81707 0.17730 -0.65217 10.60410 0.04481 0.00607
110.51544 2.81707 0.17730 -0.65217 10.60410 0.01483 0.00275
142.39601 2.81707 0.17730 -0.65217 10.60410 0.01103 0.00218
157.44193 2.81707 0.17730 -0.65217 10.60410 0.00859 0.00177
179.99350 2.81707 0.17730 -0.65217 10.60410 0.01159 0.00198
218.46323 2.81707 0.17730 -0.65217 10.60410 0.01183 0.00279
247.70185 2.81707 0.17730 -0.65217 10.60410 0.01246 0.00304
262.77244 2.81707 0.17730 -0.65217 10.60410 0.01803 0.00322
277.89864 2.81707 0.17730 -0.65217 10.60410 0.02134 0.00347
293.02300 2.81707 0.17730 -0.65217 10.60410 0.02200 0.00494
308.17276 2.81707 0.17730 -0.65217 10.60410 0.04429 0.00654
323.45779 2.81707 0.17730 -0.65217 10.60410 0.08737 0.00607
7.44943 1.66998 0.23262 -0.19686 10.60410 0.20754 0.02675
22.33490 1.66998 0.23262 -0.19686 10.60410 0.17600 0.01950
37.30093 1.66998 0.23262 -0.19686 10.60410 0.17370 0.02087
52.27257 1.66998 0.23262 -0.19686 10.60410 0.11103 0.01723
67.31157 1.66998 0.23262 -0.19686 10.60410 0.09149 0.02033
82.35580 1.66998 0.23262 -0.19686 10.60410 0.08152 0.01795
111.70718 1.66998 0.23262 -0.19686 10.60410 0.06672 0.01475
187.63073 1.66998 0.23262 -0.19686 10.60410 0.10989 0.03818
309.29211 1.66998 0.23262 -0.19686 10.60410 0.16737 0.03393
337.62644 1.66998 0.23262 -0.19686 10.60410 0.18273 0.02969
352.58891 1.66998 0.23262 -0.19686 10.60410 0.19951 0.02503
7.38946 1.66704 0.23300 -0.32039 10.60410 0.14453 0.01843
22.20398 1.66704 0.23300 -0.32039 10.60410 0.13150 0.02030
37.21037 1.66704 0.23300 -0.32039 10.60410 0.13555 0.02990
59.02788 1.66704 0.23300 -0.32039 10.60410 0.04412 0.01482
82.35568 1.66704 0.23300 -0.32039 10.60410 0.07619 0.02027
97.38498 1.66704 0.23300 -0.32039 10.60410 0.05797 0.01286
112.40476 1.66704 0.23300 -0.32039 10.60410 0.05495 0.01307
127.46029 1.66704 0.23300 -0.32039 10.60410 0.05255 0.01814
149.90080 1.66704 0.23300 -0.32039 10.60410 0.03498 0.01419
180.04264 1.66704 0.23300 -0.32039 10.60410 0.05261 0.01071
217.78595 1.66704 0.23300 -0.32039 10.60410 0.06160 0.01467
345.82368 1.66704 0.23300 -0.32039 10.60410 0.12320 0.01757
18.10091 1.66295 0.23291 -0.49619 10.60410 0.07419 0.01422
96.65537 1.66295 0.23291 -0.49619 10.60410 0.04058 0.01210
142.48691 1.66295 0.23291 -0.49619 10.60410 0.03122 0.00877
164.94717 1.66295 0.23291 -0.49619 10.60410 0.02161 0.00645
187.49865 1.66295 0.23291 -0.49619 10.60410 0.01341 0.00556
202.51118 1.66295 0.23291 -0.49619 10.60410 0.02541 0.00933
278.86472 1.66295 0.23291 -0.49619 10.60410 0.06135 0.01507
326.88049 1.66295 0.23291 -0.49619 10.60410 0.08192 0.02755
352.78781 1.66295 0.23291 -0.49619 10.60410 0.14589 0.03095
6.67317 1.65557 0.23221 -0.70127 10.60410 0.25733 0.04715
127.21694 1.65557 0.23221 -0.70127 10.60410 0.02529 0.00674
157.48526 1.65557 0.23221 -0.70127 10.60410 0.01952 0.00601
180.01318 1.65557 0.23221 -0.70127 10.60410 0.01985 0.00574
270.39467 1.65557 0.23221 -0.70127 10.60410 0.03303 0.00800
323.19433 1.65557 0.23221 -0.70127 10.60410 0.04911 0.01305
348.74073 1.65557 0.23221 -0.70127 10.60410 0.21677 0.02996
74.30713 1.63288 0.22944 -0.91364 10.60410 0.01895 0.00763
187.55205 1.63288 0.22944 -0.91364 10.60410 0.01097 0.00388
301.31114 1.63288 0.22944 -0.91364 10.60410 0.01747 0.00679
334.76372 1.63288 0.22944 -0.91364 10.60410 0.04334 0.01184
7.43336 2.20434 0.23123 -0.19632 10.60410 0.18748 0.01223
22.32156 2.20434 0.23123 -0.19632 10.60410 0.17227 0.01007
37.26450 2.20434 0.23123 -0.19632 10.60410 0.13259 0.00878
52.25326 2.20434 0.23123 -0.19632 10.60410 0.10396 0.00911
67.27679 2.20434 0.23123 -0.19632 10.60410 0.08701 0.01036
82.28370 2.20434 0.23123 -0.19632 10.60410 0.06839 0.00787
97.34966 2.20434 0.23123 -0.19632 10.60410 0.04869 0.00764
119.53940 2.20434 0.23123 -0.19632 10.60410 0.06501 0.01078
157.14001 2.20434 0.23123 -0.19632 10.60410 0.06707 0.01487
248.77417 2.20434 0.23123 -0.19632 10.60410 0.05066 0.01514
285.86659 2.20434 0.23123 -0.19632 10.60410 0.08809 0.02416
307.75135 2.20434 0.23123 -0.19632 10.60410 0.10616 0.02471
322.74203 2.20434 0.23123 -0.19632 10.60410 0.15312 0.02093
337.65428 2.20434 0.23123 -0.19632 10.60410 0.16067 0.01570
352.56315 2.20434 0.23123 -0.19632 10.60410 0.15330 0.01196
7.40152 2.20085 0.23157 -0.31935 10.60410 0.11840 0.00863
22.19140 2.20085 0.23157 -0.31935 10.60410 0.09909 0.00776
37.14851 2.20085 0.23157 -0.31935 10.60410 0.08270 0.00855
52.15120 2.20085 0.23157 -0.31935 10.60410 0.06336 0.00875
67.23857 2.20085 0.23157 -0.31935 10.60410 0.04645 0.00772
82.28244 2.20085 0.23157 -0.31935 10.60410 0.03641 0.00509
97.34011 2.20085 0.23157 -0.31935 10.60410 0.03730 0.00451
112.35830 2.20085 0.23157 -0.31935 10.60410 0.03191 0.00443
127.40561 2.20085 0.23157 -0.31935 10.60410 0.03870 0.00617
142.43757 2.20085 0.23157 -0.31935 10.60410 0.02104 0.00496
157.45862 2.20085 0.23157 -0.31935 10.60410 0.03134 0.00828
172.48823 2.20085 0.23157 -0.31935 10.60410 0.02698 0.00471
187.51115 2.20085 0.23157 -0.31935 10.60410 0.02193 0.00439
210.16517 2.20085 0.23157 -0.31935 10.60410 0.01701 0.00451
240.40683 2.20085 0.23157 -0.31935 10.60410 0.02572 0.00679
295.05718 2.20085 0.23157 -0.31935 10.60410 0.04260 0.02126
331.32790 2.20085 0.23157 -0.31935 10.60410 0.10262 0.01968
352.60764 2.20085 0.23157 -0.31935 10.60410 0.10793 0.00920
7.24234 2.19655 0.23156 -0.49422 10.60410 0.13667 0.01076
21.97564 2.19655 0.23156 -0.49422 10.60410 0.08313 0.01236
48.63166 2.19655 0.23156 -0.49422 10.60410 0.02935 0.01210
89.28020 2.19655 0.23156 -0.49422 10.60410 0.01807 0.00334
112.40722 2.19655 0.23156 -0.49422 10.60410 0.01894 0.00345
127.43511 2.19655 0.23156 -0.49422 10.60410 0.01937 0.00406
142.43538 2.19655 0.23156 -0.49422 10.60410 0.01473 0.00294
157.46519 2.19655 0.23156 -0.49422 10.60410 0.00937 0.00277
172.49526 2.19655 0.23156 -0.49422 10.60410 0.01114 0.00278
187.49318 2.19655 0.23156 -0.49422 10.60410 0.01363 0.00217
202.53293 2.19655 0.23156 -0.49422 10.60410 0.01307 0.00302
217.52739 2.19655 0.23156 -0.49422 10.60410 0.01637 0.00556
248.46489 2.19655 0.23156 -0.49422 10.60410 0.01491 0.00439
277.71590 2.19655 0.23156 -0.49422 10.60410 0.02054 0.00542
292.78809 2.19655 0.23156 -0.49422 10.60410 0.03345 0.00712
332.17211 2.19655 0.23156 -0.49422 10.60410 0.06456 0.00994
352.75243 2.19655 0.23156 -0.49422 10.60410 0.12772 0.00983
6.88852 2.19267 0.23093 -0.69833 10.60410 0.13888 0.01142
21.60843 2.19267 0.23093 -0.69833 10.60410 0.06881 0.01050
42.62300 2.19267 0.23093 -0.69833 10.60410 0.02437 0.00926
142.42878 2.19267 0.23093 -0.69833 10.60410 0.00761 0.00225
157.49418 2.19267 0.23093 -0.69833 10.60410 0.00688 0.00193
180.02126 2.19267 0.23093 -0.69833 10.60410 0.00805 0.00157
202.50919 2.19267 0.23093 -0.69833 10.60410 0.00696 0.00195
233.05455 2.19267 0.23093 -0.69833 10.60410 0.00942 0.00366
262.62205 2.19267 0.23093 -0.69833 10.60410 0.00705 0.00305
277.70885 2.19267 0.23093 -0.69833 10.60410 0.01136 0.00274
292.81355 2.19267 0.23093 -0.69833 10.60410 0.01666 0.00314
307.97692 2.19267 0.23093 -0.69833 10.60410 0.01438 0.00325
323.19527 2.19267 0.23093 -0.69833 10.60410 0.02313 0.00457
338.39155 2.19267 0.23093 -0.69833 10.60410 0.07345 0.00796
353.12516 2.19267 0.23093 -0.69833 10.60410 0.13949 0.01017
6.01115 2.18679 0.22915 -0.90415 10.60410 0.20692 0.02262
21.21702 2.18679 0.22915 -0.90415 10.60410 0.05846 0.00921
36.64686 2.18679 0.22915 -0.90415 10.60410 0.01987 0.00565
51.97826 2.18679 0.22915 -0.90415 10.60410 0.01023 0.00302
73.98057 2.18679 0.22915 -0.90415 10.60410 0.01153 0.00298
134.85247 2.18679 0.22915 -0.90415 10.60410 0.00739 0.00191
164.96035 2.18679 0.22915 -0.90415 10.60410 0.00624 0.00132
187.50150 2.18679 0.22915 -0.90415 10.60410 0.00484 0.00170
202.50661 2.18679 0.22915 -0.90415 10.60410 0.00416 0.00149
225.13956 2.18679 0.22915 -0.90415 10.60410 0.00665 0.00317
292.81435 2.18679 0.22915 -0.90415 10.60410 0.00861 0.00235
308.01199 2.18679 0.22915 -0.90415 10.60410 0.00646 0.00231
323.32911 2.18679 0.22915 -0.90415 10.60410 0.02445 0.00410
338.82383 2.18679 0.22915 -0.90415 10.60410 0.05546 0.00684
353.98271 2.18679 0.22915 -0.90415 10.60410 0.20475 0.01951
7.44620 2.92059 0.22907 -0.19596 10.60410 0.20005 0.01213
22.30273 2.92059 0.22907 -0.19596 10.60410 0.16513 0.00945
37.24664 2.92059 0.22907 -0.19596 10.60410 0.12987 0.00892
52.21181 2.92059 0.22907 -0.19596 10.60410 0.11794 0.01141
67.20989 2.92059 0.22907 -0.19596 10.60410 0.08150 0.00826
82.25374 2.92059 0.22907 -0.19596 10.60410 0.06447 0.00657
97.32070 2.92059 0.22907 -0.19596 10.60410 0.05105 0.00626
112.33414 2.92059 0.22907 -0.19596 10.60410 0.05055 0.00835
134.50911 2.92059 0.22907 -0.19596 10.60410 0.05132 0.00814
164.83753 2.92059 0.22907 -0.19596 10.60410 0.03213 0.00773
195.16904 2.92059 0.22907 -0.19596 10.60410 0.05114 0.01639
225.45415 2.92059 0.22907 -0.19596 10.60410 0.02620 0.01037
286.06639 2.92059 0.22907 -0.19596 10.60410 0.07740 0.02956
307.76011 2.92059 0.22907 -0.19596 10.60410 0.10625 0.02471
322.70160 2.92059 0.22907 -0.19596 10.60410 0.13345 0.01448
337.69805 2.92059 0.22907 -0.19596 10.60410 0.16274 0.01245
352.51914 2.92059 0.22907 -0.19596 10.60410 0.19728 0.01280
7.37386 2.92033 0.22911 -0.31865 10.60410 0.13652 0.00669
22.19494 2.92033 0.22911 -0.31865 10.60410 0.11664 0.00568
37.09802 2.92033 0.22911 -0.31865 10.60410 0.09561 0.00630
52.11524 2.92033 0.22911 -0.31865 10.60410 0.06200 0.00681
67.16028 2.92033 0.22911 -0.31865 10.60410 0.04469 0.00542
82.26105 2.92033 0.22911 -0.31865 10.60410 0.04377 0.00398
97.26606 2.92033 0.22911 -0.31865 10.60410 0.03016 0.00276
112.31959 2.92033 0.22911 -0.31865 10.60410 0.02025 0.00248
127.35959 2.92033 0.22911 -0.31865 10.60410 0.02227 0.00291
142.42168 2.92033 0.22911 -0.31865 10.60410 0.02898 0.00333
157.46423 2.92033 0.22911 -0.31865 10.60410 0.01810 0.00289
172.47475 2.92033 0.22911 -0.31865 10.60410 0.01950 0.00292
187.50647 2.92033 0.22911 -0.31865 10.60410 0.02545 0.00381
202.51981 2.92033 0.22911 -0.31865 10.60410 0.02316 0.00477
232.63477 2.92033 0.22911 -0.31865 10.60410 0.02007 0.00570
255.83100 2.92033 0.22911 -0.31865 10.60410 0.01908 0.00425
277.78707 2.92033 0.22911 -0.31865 10.60410 0.03323 0.00828
292.83706 2.92033 0.22911 -0.31865 10.60410 0.04592 0.01142
307.92279 2.92033 0.22911 -0.31865 10.60410 0.07022 0.01456
322.91191 2.92033 0.22911 -0.31865 10.60410 0.08392 0.00721
337.85383 2.92033 0.22911 -0.31865 10.60410 0.11452 0.00628
352.64199 2.92033 0.22911 -0.31865 10.60410 0.13476 0.00654
7.13806 2.92267 0.22844 -0.49405 10.60410 0.12549 0.00645
21.85169 2.92267 0.22844 -0.49405 10.60410 0.08501 0.00458
36.88651 2.92267 0.22844 -0.49405 10.60410 0.05440 0.00446
52.01358 2.92267 0.22844 -0.49405 10.60410 0.03252 0.00722
73.57115 2.92267 0.22844 -0.49405 10.60410 0.01434 0.00273
97.28127 2.92267 0.22844 -0.49405 10.60410 0.01490 0.00206
112.33454 2.92267 0.22844 -0.49405 10.60410 0.01031 0.00154
127.38247 2.92267 0.22844 -0.49405 10.60410 0.01031 0.00166
142.42152 2.92267 0.22844 -0.49405 10.60410 0.01093 0.00152
157.44687 2.92267 0.22844 -0.49405 10.60410 0.00757 0.00140
172.50477 2.92267 0.22844 -0.49405 10.60410 0.00661 0.00143
187.53308 2.92267 0.22844 -0.49405 10.60410 0.01096 0.00170
202.54129 2.92267 0.22844 -0.49405 10.60410 0.00927 0.00195
225.34689 2.92267 0.22844 -0.49405 10.60410 0.00548 0.00164
247.64039 2.92267 0.22844 -0.49405 10.60410 0.01113 0.00287
262.71946 2.92267 0.22844 -0.49405 10.60410 0.00851 0.00186
277.77504 2.92267 0.22844 -0.49405 10.60410 0.01871 0.00252
292.88915 2.92267 0.22844 -0.49405 10.60410 0.02101 0.00306
307.97359 2.92267 0.22844 -0.49405 10.60410 0.02907 0.00407
323.09994 2.92267 0.22844 -0.49405 10.60410 0.04962 0.00402
338.13856 2.92267 0.22844 -0.49405 10.60410 0.08217 0.00410
352.84340 2.92267 0.22844 -0.49405 10.60410 0.13389 0.00631
21.46915 2.95302 0.22545 -0.70312 10.60410 0.06902 0.00454
57.97437 2.95302 0.22545 -0.70312 10.60410 0.01770 0.00474
88.97945 2.95302 0.22545 -0.70312 10.60410 0.00579 0.00181
119.54557 2.95302 0.22545 -0.70312 10.60410 0.00343 0.00087
142.45474 2.95302 0.22545 -0.70312 10.60410 0.00477 0.00119
157.44907 2.95302 0.22545 -0.70312 10.60410 0.00427 0.00112
172.48105 2.95302 0.22545 -0.70312 10.60410 0.00666 0.00172
187.49023 2.95302 0.22545 -0.70312 10.60410 0.00565 0.00131
202.55403 2.95302 0.22545 -0.70312 10.60410 0.00488 0.00139
225.33498 2.95302 0.22545 -0.70312 10.60410 0.00602 0.00182
247.64005 2.95302 0.22545 -0.70312 10.60410 0.00565 0.00178
262.69621 2.95302 0.22545 -0.70312 10.60410 0.00674 0.00142
277.78275 2.95302 0.22545 -0.70312 10.60410 0.00974 0.00147
292.87391 2.95302 0.22545 -0.70312 10.60410 0.01120 0.00172
308.06411 2.95302 0.22545 -0.70312 10.60410 0.01481 0.00231
323.25643 2.95302 0.22545 -0.70312 10.60410 0.02686 0.00286
338.51669 2.95302 0.22545 -0.70312 10.60410 0.06669 0.00392
21.13652 3.03104 0.21771 -0.90231 10.60410 0.05765 0.00512
36.63088 3.03104 0.21771 -0.90231 10.60410 0.02423 0.00354
57.93971 3.03104 0.21771 -0.90231 10.60410 0.00758 0.00167
102.24062 3.03104 0.21771 -0.90231 10.60410 0.00181 0.00077
149.85657 3.03104 0.21771 -0.90231 10.60410 0.00319 0.00073
179.97770 3.03104 0.21771 -0.90231 10.60410 0.00236 0.00075
248.70194 3.03104 0.21771 -0.90231 10.60410 0.00387 0.00084
277.77090 3.03104 0.21771 -0.90231 10.60410 0.00922 0.00144
292.93686 3.03104 0.21771 -0.90231 10.60410 0.00607 0.00131
308.10034 3.03104 0.21771 -0.90231 10.60410 0.00953 0.00200
323.38649 3.03104 0.21771 -0.90231 10.60410 0.02640 0.00321
338.86117 3.03104 0.21771 -0.90231 10.60410 0.06612 0.00479
7.38590 3.68107 0.23706 -0.19610 10.60410 0.26460 0.01428
22.22529 3.68107 0.23706 -0.19610 10.60410 0.24149 0.01446
37.21478 3.68107 0.23706 -0.19610 10.60410 0.17359 0.01395
52.19465 3.68107 0.23706 -0.19610 10.60410 0.14142 0.01999
67.21715 3.68107 0.23706 -0.19610 10.60410 0.07103 0.01390
82.23629 3.68107 0.23706 -0.19610 10.60410 0.06617 0.01224
97.27900 3.68107 0.23706 -0.19610 10.60410 0.07915 0.01595
119.31567 3.68107 0.23706 -0.19610 10.60410 0.04461 0.01147
156.90877 3.68107 0.23706 -0.19610 10.60410 0.04156 0.01092
203.09863 3.68107 0.23706 -0.19610 10.60410 0.07197 0.02721
301.27133 3.68107 0.23706 -0.19610 10.60410 0.15400 0.02121
322.77368 3.68107 0.23706 -0.19610 10.60410 0.19242 0.01449
337.72293 3.68107 0.23706 -0.19610 10.60410 0.25020 0.01579
352.59893 3.68107 0.23706 -0.19610 10.60410 0.26581 0.01483
7.31516 3.68132 0.23662 -0.31914 10.60410 0.21222 0.00940
22.06459 3.68132 0.23662 -0.31914 10.60410 0.17060 0.00728
37.02059 3.68132 0.23662 -0.31914 10.60410 0.13022 0.00685
52.05451 3.68132 0.23662 -0.31914 10.60410 0.08816 0.00888
67.14912 3.68132 0.23662 -0.31914 10.60410 0.04223 0.00673
82.18194 3.68132 0.23662 -0.31914 10.60410 0.03346 0.00421
97.21575 3.68132 0.23662 -0.31914 10.60410 0.03069 0.00370
112.32284 3.68132 0.23662 -0.31914 10.60410 0.02573 0.00398
127.33276 3.68132 0.23662 -0.31914 10.60410 0.02366 0.00410
142.37909 3.68132 0.23662 -0.31914 10.60410 0.02368 0.00431
157.42750 3.68132 0.23662 -0.31914 10.60410 0.02540 0.00498
172.48201 3.68132 0.23662 -0.31914 10.60410 0.02023 0.00460
195.15483 3.68132 0.23662 -0.31914 10.60410 0.01780 0.00417
233.96116 3.68132 0.23662 -0.31914 10.60410 0.01439 0.00361
262.73916 3.68132 0.23662 -0.31914 10.60410 0.01840 0.00468
277.78391 3.68132 0.23662 -0.31914 10.60410 0.03331 0.00708
292.86483 3.68132 0.23662 -0.31914 10.60410 0.03612 0.00890
307.96989 3.68132 0.23662 -0.31914 10.60410 0.08205 0.00859
322.99163 3.68132 0.23662 -0.31914 10.60410 0.13319 0.00692
337.95827 3.68132 0.23662 -0.31914 10.60410 0.17610 0.00756
352.72380 3.68132 0.23662 -0.31914 10.60410 0.21251 0.00922
6.64164 3.67541 0.23449 -0.49755 10.60410 0.22336 0.01312
21.61064 3.67541 0.23449 -0.49755 10.60410 0.13505 0.00627
36.78839 3.67541 0.23449 -0.49755 10.60410 0.07194 0.00392
51.93639 3.67541 0.23449 -0.49755 10.60410 0.04715 0.00595
73.38242 3.67541 0.23449 -0.49755 10.60410 0.01566 0.00319
97.21863 3.67541 0.23449 -0.49755 10.60410 0.01109 0.00195
112.32070 3.67541 0.23449 -0.49755 10.60410 0.01277 0.00213
127.37029 3.67541 0.23449 -0.49755 10.60410 0.01133 0.00201
149.71548 3.67541 0.23449 -0.49755 10.60410 0.00624 0.00119
179.96718 3.67541 0.23449 -0.49755 10.60410 0.00866 0.00196
218.43486 3.67541 0.23449 -0.49755 10.60410 0.01097 0.00229
247.69586 3.67541 0.23449 -0.49755 10.60410 0.01234 0.00255
262.78112 3.67541 0.23449 -0.49755 10.60410 0.01139 0.00197
277.82731 3.67541 0.23449 -0.49755 10.60410 0.01805 0.00270
292.92521 3.67541 0.23449 -0.49755 10.60410 0.01664 0.00338
308.00555 3.67541 0.23449 -0.49755 10.60410 0.03202 0.00421
323.16888 3.67541 0.23449 -0.49755 10.60410 0.06979 0.00399
338.37359 3.67541 0.23449 -0.49755 10.60410 0.13203 0.00599
353.34260 3.67541 0.23449 -0.49755 10.60410 0.21342 0.01216
36.65140 3.65095 0.22591 -0.71837 10.60410 0.04307 0.00325
51.87159 3.65095 0.22591 -0.71837 10.60410 0.02491 0.00525
88.75254 3.65095 0.22591 -0.71837 10.60410 0.00752 0.00202
119.30828 3.65095 0.22591 -0.71837 10.60410 0.00475 0.00117
157.00041 3.65095 0.22591 -0.71837 10.60410 0.00545 0.00134
240.67440 3.65095 0.22591 -0.71837 10.60410 0.00549 0.00137
262.74352 3.65095 0.22591 -0.71837 10.60410 0.00984 0.00176
277.84765 3.65095 0.22591 -0.71837 10.60410 0.01063 0.00178
292.96441 3.65095 0.22591 -0.71837 10.60410 0.01429 0.00283
308.11976 3.65095 0.22591 -0.71837 10.60410 0.01745 0.00348
323.35498 3.65095 0.22591 -0.71837 10.60410 0.04297 0.00327
14.81922 1.66361 0.30884 -0.19786 10.60410 0.07420 0.01330
44.68811 1.66361 0.30884 -0.19786 10.60410 0.05423 0.01203
315.26411 1.66361 0.30884 -0.19786 10.60410 0.05014 0.01276
345.14912 1.66361 0.30884 -0.19786 10.60410 0.05326 0.01086
14.65513 1.66165 0.30952 -0.32106 10.60410 0.04256 0.00921
37.35730 1.66165 0.30952 -0.32106 10.60410 0.05625 0.01250
52.40055 1.66165 0.30952 -0.32106 10.60410 0.02812 0.01043
74.73436 1.66165 0.30952 -0.32106 10.60410 0.05678 0.01287
337.59822 1.66165 0.30952 -0.32106 10.60410 0.06044 0.01527
352.52660 1.66165 0.30952 -0.32106 10.60410 0.04893 0.01101
7.37872 1.65892 0.30974 -0.49552 10.60410 0.03886 0.01144
28.99444 1.65892 0.30974 -0.49552 10.60410 0.03502 0.01386
104.84630 1.65892 0.30974 -0.49552 10.60410 0.02995 0.01249
134.95167 1.65892 0.30974 -0.49552 10.60410 0.04056 0.01306
164.99251 1.65892 0.30974 -0.49552 10.60410 0.03242 0.01402
217.51254 1.65892 0.30974 -0.49552 10.60410 0.03968 0.01589
345.85395 1.65892 0.30974 -0.49552 10.60410 0.03915 0.01126
316.19479 1.65462 0.30938 -0.69846 10.60410 0.02750 0.01332
7.51345 2.19000 0.30750 -0.19749 10.60410 0.04498 0.00566
22.41381 2.19000 0.30750 -0.19749 10.60410 0.04498 0.00505
37.38123 2.19000 0.30750 -0.19749 10.60410 0.04442 0.00538
52.36929 2.19000 0.30750 -0.19749 10.60410 0.03627 0.00585
134.87304 2.19000 0.30750 -0.19749 10.60410 0.01937 0.00925
179.98511 2.19000 0.30750 -0.19749 10.60410 0.04388 0.01720
300.45567 2.19000 0.30750 -0.19749 10.60410 0.03369 0.00709
322.61848 2.19000 0.30750 -0.19749 10.60410 0.03501 0.00574
337.59803 2.19000 0.30750 -0.19749 10.60410 0.04570 0.00537
352.54243 2.19000 0.30750 -0.19749 10.60410 0.04183 0.00544
7.42502 2.18689 0.30853 -0.32020 10.60410 0.03866 0.00387
22.35932 2.18689 0.30853 -0.32020 10.60410 0.03729 0.00342
37.35749 2.18689 0.30853 -0.32020 10.60410 0.02523 0.00276
52.33922 2.18689 0.30853 -0.32020 10.60410 0.02478 0.00298
67.36937 2.18689 0.30853 -0.32020 10.60410 0.02220 0.00351
97.41995 2.18689 0.30853 -0.32020 10.60410 0.02529 0.00653
112.45388 2.18689 0.30853 -0.32020 10.60410 0.01805 0.00772
127.48098 2.18689 0.30853 -0.32020 10.60410 0.02206 0.00490
142.50904 2.18689 0.30853 -0.32020 10.60410 0.01972 0.00399
157.44286 2.18689 0.30853 -0.32020 10.60410 0.01772 0.00597
172.48483 2.18689 0.30853 -0.32020 10.60410 0.01719 0.00502
187.50636 2.18689 0.30853 -0.32020 10.60410 0.01755 0.00444
202.50289 2.18689 0.30853 -0.32020 10.60410 0.01732 0.00786
217.52797 2.18689 0.30853 -0.32020 10.60410 0.01691 0.00415
232.53024 2.18689 0.30853 -0.32020 10.60410 0.01438 0.00474
255.21704 2.18689 0.30853 -0.32020 10.60410 0.01643 0.00623
307.61235 2.18689 0.30853 -0.32020 10.60410 0.01371 0.00511
322.67384 2.18689 0.30853 -0.32020 10.60410 0.02526 0.00453
337.62978 2.18689 0.30853 -0.32020 10.60410 0.03157 0.00370
352.55529 2.18689 0.30853 -0.32020 10.60410 0.04277 0.00353
7.37620 2.18303 0.30908 -0.49424 10.60410 0.03113 0.00329
22.24538 2.18303 0.30908 -0.49424 10.60410 0.01865 0.00326
37.22053 2.18303 0.30908 -0.49424 10.60410 0.01645 0.00376
52.29517 2.18303 0.30908 -0.49424 10.60410 0.01758 0.00457
67.33810 2.18303 0.30908 -0.49424 10.60410 0.01347 0.00398
112.44420 2.18303 0.30908 -0.49424 10.60410 0.01183 0.00355
127.47472 2.18303 0.30908 -0.49424 10.60410 0.01695 0.00415
142.48895 2.18303 0.30908 -0.49424 10.60410 0.01325 0.00238
157.49924 2.18303 0.30908 -0.49424 10.60410 0.01273 0.00258
172.49134 2.18303 0.30908 -0.49424 10.60410 0.01688 0.00566
187.51277 2.18303 0.30908 -0.49424 10.60410 0.01395 0.00241
202.51465 2.18303 0.30908 -0.49424 10.60410 0.01121 0.00370
217.51978 2.18303 0.30908 -0.49424 10.60410 0.00990 0.00306
232.51668 2.18303 0.30908 -0.49424 10.60410 0.01046 0.00260
247.55466 2.18303 0.30908 -0.49424 10.60410 0.01631 0.00595
287.11257 2.18303 0.30908 -0.49424 10.60410 0.02467 0.00845
331.02489 2.18303 0.30908 -0.49424 10.60410 0.01705 0.00526
352.60906 2.18303 0.30908 -0.49424 10.60410 0.02323 0.00305
127.45979 2.17930 0.30910 -0.69651 10.60410 0.00733 0.00339
142.47669 2.17930 0.30910 -0.69651 10.60410 0.01263 0.00263
157.48035 2.17930 0.30910 -0.69651 10.60410 0.01063 0.00213
179.98013 2.17930 0.30910 -0.69651 10.60410 0.00892 0.00193
202.49448 2.17930 0.30910 -0.69651 10.60410 0.00868 0.00229
300.78928 2.17930 0.30910 -0.69651 10.60410 0.01149 0.00296
127.48683 2.17380 0.30844 -0.89894 10.60410 0.00977 0.00296
142.49850 2.17380 0.30844 -0.89894 10.60410 0.00775 0.00280
157.50928 2.17380 0.30844 -0.89894 10.60410 0.00866 0.00217
179.97932 2.17380 0.30844 -0.89894 10.60410 0.00370 0.00179
323.00999 2.17380 0.30844 -0.89894 10.60410 0.00987 0.00319
7.46983 2.89107 0.30512 -0.19719 10.60410 0.04491 0.00470
22.42323 2.89107 0.30512 -0.19719 10.60410 0.04091 0.00402
37.40138 2.89107 0.30512 -0.19719 10.60410 0.02966 0.00369
52.36477 2.89107 0.30512 -0.19719 10.60410 0.02939 0.00502
74.38779 2.89107 0.30512 -0.19719 10.60410 0.02998 0.00683
111.51318 2.89107 0.30512 -0.19719 10.60410 0.02228 0.00591
164.89305 2.89107 0.30512 -0.19719 10.60410 0.01832 0.00636
202.78102 2.89107 0.30512 -0.19719 10.60410 0.00881 0.00419
270.52104 2.89107 0.30512 -0.19719 10.60410 0.03615 0.01111
300.62180 2.89107 0.30512 -0.19719 10.60410 0.03810 0.00900
322.62679 2.89107 0.30512 -0.19719 10.60410 0.03861 0.00639
337.56923 2.89107 0.30512 -0.19719 10.60410 0.04229 0.00525
352.56375 2.89107 0.30512 -0.19719 10.60410 0.03846 0.00448
7.44004 2.88750 0.30639 -0.31925 10.60410 0.03099 0.00222
22.30943 2.88750 0.30639 -0.31925 10.60410 0.03045 0.00206
37.29070 2.88750 0.30639 -0.31925 10.60410 0.02506 0.00188
52.31513 2.88750 0.30639 -0.31925 10.60410 0.02306 0.00215
67.30197 2.88750 0.30639 -0.31925 10.60410 0.02240 0.00292
82.33825 2.88750 0.30639 -0.31925 10.60410 0.02044 0.00348
104.49944 2.88750 0.30639 -0.31925 10.60410 0.01575 0.00249
127.43453 2.88750 0.30639 -0.31925 10.60410 0.01779 0.00242
142.41567 2.88750 0.30639 -0.31925 10.60410 0.01506 0.00211
164.96311 2.88750 0.30639 -0.31925 10.60410 0.01081 0.00178
187.51109 2.88750 0.30639 -0.31925 10.60410 0.01349 0.00220
210.12928 2.88750 0.30639 -0.31925 10.60410 0.00861 0.00177
240.36068 2.88750 0.30639 -0.31925 10.60410 0.00986 0.00209
270.57131 2.88750 0.30639 -0.31925 10.60410 0.01399 0.00408
300.83013 2.88750 0.30639 -0.31925 10.60410 0.02147 0.00374
322.68365 2.88750 0.30639 -0.31925 10.60410 0.02420 0.00339
337.64052 2.88750 0.30639 -0.31925 10.60410 0.02964 0.00271
352.55117 2.88750 0.30639 -0.31925 10.60410 0.03378 0.00238
7.38156 2.88147 0.30707 -0.49282 10.60410 0.02170 0.00187
22.23843 2.88147 0.30707 -0.49282 10.60410 0.01678 0.00171
37.21204 2.88147 0.30707 -0.49282 10.60410 0.01457 0.00186
58.98239 2.88147 0.30707 -0.49282 10.60410 0.01047 0.00135
119.71502 2.88147 0.30707 -0.49282 10.60410 0.00776 0.00123
142.46212 2.88147 0.30707 -0.49282 10.60410 0.00735 0.00101
157.47374 2.88147 0.30707 -0.49282 10.60410 0.00493 0.00105
179.97675 2.88147 0.30707 -0.49282 10.60410 0.00640 0.00078
210.12886 2.88147 0.30707 -0.49282 10.60410 0.00791 0.00115
240.28377 2.88147 0.30707 -0.49282 10.60410 0.00614 0.00113
279.03087 2.88147 0.30707 -0.49282 10.60410 0.00446 0.00207
325.17888 2.88147 0.30707 -0.49282 10.60410 0.01532 0.00241
352.60225 2.88147 0.30707 -0.49282 10.60410 0.02200 0.00204
7.28152 2.87661 0.30720 -0.69525 10.60410 0.01729 0.00210
22.07542 2.87661 0.30720 -0.69525 10.60410 0.01371 0.00312
43.46405 2.87661 0.30720 -0.69525 10.60410 0.01040 0.00325
74.23575 2.87661 0.30720 -0.69525 10.60410 0.00547 0.00198
104.64169 2.87661 0.30720 -0.69525 10.60410 0.00328 0.00121
127.46002 2.87661 0.30720 -0.69525 10.60410 0.00539 0.00153
142.46267 2.87661 0.30720 -0.69525 10.60410 0.00548 0.00091
157.50814 2.87661 0.30720 -0.69525 10.60410 0.00469 0.00081
179.98245 2.87661 0.30720 -0.69525 10.60410 0.00352 0.00066
202.51122 2.87661 0.30720 -0.69525 10.60410 0.00451 0.00086
285.78971 2.87661 0.30720 -0.69525 10.60410 0.00713 0.00151
316.51000 2.87661 0.30720 -0.69525 10.60410 0.00811 0.00180
346.41793 2.87661 0.30720 -0.69525 10.60410 0.02173 0.00257
12.64286 2.87220 0.30676 -0.89713 10.60410 0.01378 0.00177
127.43125 2.87220 0.30676 -0.89713 10.60410 0.00361 0.00159
142.46565 2.87220 0.30676 -0.89713 10.60410 0.00184 0.00075
164.92655 2.87220 0.30676 -0.89713 10.60410 0.00214 0.00058
187.51471 2.87220 0.30676 -0.89713 10.60410 0.00212 0.00071
225.10735 2.87220 0.30676 -0.89713 10.60410 0.00252 0.00110
285.76972 2.87220 0.30676 -0.89713 10.60410 0.00386 0.00103
316.88705 2.87220 0.30676 -0.89713 10.60410 0.00354 0.00094
347.33456 2.87220 0.30676 -0.89713 10.60410 0.01785 0.00206
7.39926 3.82873 0.30292 -0.31839 10.60410 0.03539 0.00250
22.29266 3.82873 0.30292 -0.31839 10.60410 0.02876 0.00197
37.22086 3.82873 0.30292 -0.31839 10.60410 0.02761 0.00211
52.21467 3.82873 0.30292 -0.31839 10.60410 0.02189 0.00248
67.24935 3.82873 0.30292 -0.31839 10.60410 0.01446 0.00223
82.27670 3.82873 0.30292 -0.31839 10.60410 0.01212 0.00221
104.34215 3.82873 0.30292 -0.31839 10.60410 0.01092 0.00163
127.40219 3.82873 0.30292 -0.31839 10.60410 0.00885 0.00147
142.43652 3.82873 0.30292 -0.31839 10.60410 0.00974 0.00159
157.46358 3.82873 0.30292 -0.31839 10.60410 0.00834 0.00196
172.48472 3.82873 0.30292 -0.31839 10.60410 0.00921 0.00143
187.52259 3.82873 0.30292 -0.31839 10.60410 0.00837 0.00136
210.25349 3.82873 0.30292 -0.31839 10.60410 0.00768 0.00154
232.61013 3.82873 0.30292 -0.31839 10.60410 0.01114 0.00217
264.20344 3.82873 0.30292 -0.31839 10.60410 0.00632 0.00178
309.90827 3.82873 0.30292 -0.31839 10.60410 0.02252 0.00286
337.70814 3.82873 0.30292 -0.31839 10.60410 0.04221 0.00371
352.58037 3.82873 0.30292 -0.31839 10.60410 0.03773 0.00257
7.34986 3.82590 0.30307 -0.49166 10.60410 0.02464 0.00152
22.17274 3.82590 0.30307 -0.49166 10.60410 0.02314 0.00153
37.11774 3.82590 0.30307 -0.49166 10.60410 0.01622 0.00145
52.16165 3.82590 0.30307 -0.49166 10.60410 0.01169 0.00162
67.20134 3.82590 0.30307 -0.49166 10.60410 0.00838 0.00148
82.26011 3.82590 0.30307 -0.49166 10.60410 0.00586 0.00112
104.32134 3.82590 0.30307 -0.49166 10.60410 0.00677 0.00099
127.42259 3.82590 0.30307 -0.49166 10.60410 0.00388 0.00072
142.45664 3.82590 0.30307 -0.49166 10.60410 0.00511 0.00066
157.47611 3.82590 0.30307 -0.49166 10.60410 0.00538 0.00083
172.47386 3.82590 0.30307 -0.49166 10.60410 0.00325 0.00068
187.51399 3.82590 0.30307 -0.49166 10.60410 0.00405 0.00058
202.52726 3.82590 0.30307 -0.49166 10.60410 0.00452 0.00075
255.66748 3.82590 0.30307 -0.49166 10.60410 0.00421 0.00112
286.08669 3.82590 0.30307 -0.49166 10.60410 0.00735 0.00122
316.55118 3.82590 0.30307 -0.49166 10.60410 0.01154 0.00152
337.83978 3.82590 0.30307 -0.49166 10.60410 0.02527 0.00197
352.65797 3.82590 0.30307 -0.49166 10.60410 0.02742 0.00166
7.22505 3.82626 0.30257 -0.69459 10.60410 0.02088 0.00160
21.90118 3.82626 0.30257 -0.69459 10.60410 0.01672 0.00144
43.01586 3.82626 0.30257 -0.69459 10.60410 0.00960 0.00129
73.81689 3.82626 0.30257 -0.69459 10.60410 0.00309 0.00095
104.39102 3.82626 0.30257 -0.69459 10.60410 0.00322 0.00079
134.72763 3.82626 0.30257 -0.69459 10.60410 0.00220 0.00037
164.88700 3.82626 0.30257 -0.69459 10.60410 0.00166 0.00033
187.53223 3.82626 0.30257 -0.69459 10.60410 0.00163 0.00037
210.17090 3.82626 0.30257 -0.69459 10.60410 0.00189 0.00038
240.42819 3.82626 0.30257 -0.69459 10.60410 0.00256 0.00080
301.51608 3.82626 0.30257 -0.69459 10.60410 0.00576 0.00078
323.02131 3.82626 0.30257 -0.69459 10.60410 0.00892 0.00152
338.06039 3.82626 0.30257 -0.69459 10.60410 0.01674 0.00137
352.81234 3.82626 0.30257 -0.69459 10.60410 0.02402 0.00167
6.77034 3.83573 0.30094 -0.89770 10.60410 0.02246 0.00198
26.96712 3.83573 0.30094 -0.89770 10.60410 0.01084 0.00107
70.07588 3.83573 0.30094 -0.89770 10.60410 0.00157 0.00069
126.78943 3.83573 0.30094 -0.89770 10.60410 0.00179 0.00035
164.92414 3.83573 0.30094 -0.89770 10.60410 0.00140 0.00028
195.05558 3.83573 0.30094 -0.89770 10.60410 0.00120 0.00026
225.22313 3.83573 0.30094 -0.89770 10.60410 0.00196 0.00054
255.53160 3.83573 0.30094 -0.89770 10.60410 0.00266 0.00076
286.14171 3.83573 0.30094 -0.89770 10.60410 0.00235 0.00051
317.28867 3.83573 0.30094 -0.89770 10.60410 0.00568 0.00077
338.34628 3.83573 0.30094 -0.89770 10.60410 0.01406 0.00128
353.16821 3.83573 0.30094 -0.89770 10.60410 0.02186 0.00191
7.40816 4.85593 0.31374 -0.31844 10.60410 0.04448 0.00369
22.21715 4.85593 0.31374 -0.31844 10.60410 0.04648 0.00451
43.77053 4.85593 0.31374 -0.31844 10.60410 0.03776 0.00453
73.90221 4.85593 0.31374 -0.31844 10.60410 0.01601 0.00331
104.18482 4.85593 0.31374 -0.31844 10.60410 0.01636 0.00310
134.56323 4.85593 0.31374 -0.31844 10.60410 0.01348 0.00249
164.84885 4.85593 0.31374 -0.31844 10.60410 0.00840 0.00168
195.17348 4.85593 0.31374 -0.31844 10.60410 0.01089 0.00199
233.73436 4.85593 0.31374 -0.31844 10.60410 0.00803 0.00203
279.80687 4.85593 0.31374 -0.31844 10.60410 0.02651 0.00680
316.24507 4.85593 0.31374 -0.31844 10.60410 0.04344 0.00657
337.71825 4.85593 0.31374 -0.31844 10.60410 0.04606 0.00461
352.59304 4.85593 0.31374 -0.31844 10.60410 0.05679 0.00472
7.29513 4.85408 0.31298 -0.49209 10.60410 0.03826 0.00247
22.05045 4.85408 0.31298 -0.49209 10.60410 0.03027 0.00213
37.04060 4.85408 0.31298 -0.49209 10.60410 0.02522 0.00237
58.44615 4.85408 0.31298 -0.49209 10.60410 0.01149 0.00205
88.91629 4.85408 0.31298 -0.49209 10.60410 0.00568 0.00140
119.40552 4.85408 0.31298 -0.49209 10.60410 0.00516 0.00087
149.68365 4.85408 0.31298 -0.49209 10.60410 0.00419 0.00069
180.01381 4.85408 0.31298 -0.49209 10.60410 0.00297 0.00056
210.27577 4.85408 0.31298 -0.49209 10.60410 0.00360 0.00085
249.16142 4.85408 0.31298 -0.49209 10.60410 0.00415 0.00110
286.31653 4.85408 0.31298 -0.49209 10.60410 0.00832 0.00179
316.78170 4.85408 0.31298 -0.49209 10.60410 0.01954 0.00194
337.96172 4.85408 0.31298 -0.49209 10.60410 0.03129 0.00211
352.73927 4.85408 0.31298 -0.49209 10.60410 0.04206 0.00263
14.88141 2.19859 0.39539 -0.32153 10.60410 0.01470 0.00250
44.81020 2.19859 0.39539 -0.32153 10.60410 0.00883 0.00233
74.83202 2.19859 0.39539 -0.32153 10.60410 0.01614 0.00485
104.92264 2.19859 0.39539 -0.32153 10.60410 0.00849 0.00314
217.57150 2.19859 0.39539 -0.32153 10.60410 0.01006 0.00469
247.49924 2.19859 0.39539 -0.32153 10.60410 0.02970 0.00780
262.50785 2.19859 0.39539 -0.32153 10.60410 0.02078 0.00638
292.83244 2.19859 0.39539 -0.32153 10.60410 0.01346 0.00415
322.53605 2.19859 0.39539 -0.32153 10.60410 0.01274 0.00354
337.56511 2.19859 0.39539 -0.32153 10.60410 0.01187 0.00270
352.51013 2.19859 0.39539 -0.32153 10.60410 0.01343 0.00287
7.46710 2.19752 0.39589 -0.49500 10.60410 0.01026 0.00275
22.39196 2.19752 0.39589 -0.49500 10.60410 0.01320 0.00332
44.72616 2.19752 0.39589 -0.49500 10.60410 0.00864 0.00190
127.50530 2.19752 0.39589 -0.49500 10.60410 0.02122 0.00470
149.96716 2.19752 0.39589 -0.49500 10.60410 0.02070 0.00592
232.49010 2.19752 0.39589 -0.49500 10.60410 0.01459 0.00484
337.61224 2.19752 0.39589 -0.49500 10.60410 0.01186 0.00300
352.51814 2.19752 0.39589 -0.49500 10.60410 0.01171 0.00236
104.93986 2.19535 0.39603 -0.69623 10.60410 0.01189 0.00268
127.48182 2.19535 0.39603 -0.69623 10.60410 0.01332 0.00355
149.98861 2.19535 0.39603 -0.69623 10.60410 0.03454 0.00909
232.49102 2.19535 0.39603 -0.69623 10.60410 0.00986 0.00382
104.89044 2.19252 0.39588 -0.89759 10.60410 0.01174 0.00318
134.94976 2.19252 0.39588 -0.89759 10.60410 0.02775 0.00536
7.49039 2.86891 0.39793 -0.32145 10.60410 0.01090 0.00185
22.43877 2.86891 0.39793 -0.32145 10.60410 0.01013 0.00181
37.42696 2.86891 0.39793 -0.32145 10.60410 0.01132 0.00209
52.41638 2.86891 0.39793 -0.32145 10.60410 0.00631 0.00233
67.43375 2.86891 0.39793 -0.32145 10.60410 0.01009 0.00323
82.44061 2.86891 0.39793 -0.32145 10.60410 0.01041 0.00233
97.44509 2.86891 0.39793 -0.32145 10.60410 0.00955 0.00203
112.46595 2.86891 0.39793 -0.32145 10.60410 0.00600 0.00213
142.34125 2.86891 0.39793 -0.32145 10.60410 0.00783 0.00233
179.97741 2.86891 0.39793 -0.32145 10.60410 0.01278 0.00530
210.05356 2.86891 0.39793 -0.32145 10.60410 0.00870 0.00263
232.51503 2.86891 0.39793 -0.32145 10.60410 0.00926 0.00367
247.56930 2.86891 0.39793 -0.32145 10.60410 0.01024 0.00305
262.54557 2.86891 0.39793 -0.32145 10.60410 0.01097 0.00286
277.54084 2.86891 0.39793 -0.32145 10.60410 0.01365 0.00329
292.58898 2.86891 0.39793 -0.32145 10.60410 0.01322 0.00474
315.28471 2.86891 0.39793 -0.32145 10.60410 0.00606 0.00156
337.55361 2.86891 0.39793 -0.32145 10.60410 0.01205 0.00182
352.52702 2.86891 0.39793 -0.32145 10.60410 0.00871 0.00155
7.45723 2.86474 0.39914 -0.49412 10.60410 0.00643 0.00103
22.38686 2.86474 0.39914 -0.49412 10.60410 0.00771 0.00121
37.39769 2.86474 0.39914 -0.49412 10.60410 0.00838 0.00121
52.38962 2.86474 0.39914 -0.49412 10.60410 0.00588 0.00129
74.72734 2.86474 0.39914 -0.49412 10.60410 0.00518 0.00136
97.46956 2.86474 0.39914 -0.49412 10.60410 0.00596 0.00121
112.45655 2.86474 0.39914 -0.49412 10.60410 0.00699 0.00116
127.45170 2.86474 0.39914 -0.49412 10.60410 0.00447 0.00164
142.45963 2.86474 0.39914 -0.49412 10.60410 0.00767 0.00255
157.49141 2.86474 0.39914 -0.49412 10.60410 0.00786 0.00211
179.99083 2.86474 0.39914 -0.49412 10.60410 0.00392 0.00147
210.04374 2.86474 0.39914 -0.49412 10.60410 0.00987 0.00155
232.50671 2.86474 0.39914 -0.49412 10.60410 0.00459 0.00153
247.51216 2.86474 0.39914 -0.49412 10.60410 0.00603 0.00216
277.58153 2.86474 0.39914 -0.49412 10.60410 0.00735 0.00333
322.63851 2.86474 0.39914 -0.49412 10.60410 0.00575 0.00140
337.61063 2.86474 0.39914 -0.49412 10.60410 0.00847 0.00129
352.54037 2.86474 0.39914 -0.49412 10.60410 0.00777 0.00104
7.40824 2.86047 0.39957 -0.69551 10.60410 0.00364 0.00095
22.30908 2.86047 0.39957 -0.69551 10.60410 0.00313 0.00120
37.34986 2.86047 0.39957 -0.69551 10.60410 0.00281 0.00119
52.37835 2.86047 0.39957 -0.69551 10.60410 0.00287 0.00142
97.46299 2.86047 0.39957 -0.69551 10.60410 0.00516 0.00137
112.48335 2.86047 0.39957 -0.69551 10.60410 0.00586 0.00107
127.48880 2.86047 0.39957 -0.69551 10.60410 0.00676 0.00134
157.52896 2.86047 0.39957 -0.69551 10.60410 0.00573 0.00160
180.01936 2.86047 0.39957 -0.69551 10.60410 0.00568 0.00151
202.50152 2.86047 0.39957 -0.69551 10.60410 0.00753 0.00250
217.51012 2.86047 0.39957 -0.69551 10.60410 0.00584 0.00173
232.49388 2.86047 0.39957 -0.69551 10.60410 0.00422 0.00122
337.67702 2.86047 0.39957 -0.69551 10.60410 0.00772 0.00201
352.57160 2.86047 0.39957 -0.69551 10.60410 0.00413 0.00104
127.49539 2.85755 0.39968 -0.89655 10.60410 0.00536 0.00114
157.48997 2.85755 0.39968 -0.89655 10.60410 0.00357 0.00154
179.98963 2.85755 0.39968 -0.89655 10.60410 0.00500 0.00159
232.51772 2.85755 0.39968 -0.89655 10.60410 0.00273 0.00125
7.46457 3.78705 0.39583 -0.32109 10.60410 0.01029 0.00155
22.42243 3.78705 0.39583 -0.32109 10.60410 0.00698 0.00140
37.39728 3.78705 0.39583 -0.32109 10.60410 0.00765 0.00177
52.39377 3.78705 0.39583 -0.32109 10.60410 0.00970 0.00229
67.39642 3.78705 0.39583 -0.32109 10.60410 0.00937 0.00171
82.40623 3.78705 0.39583 -0.32109 10.60410 0.00836 0.00134
97.43955 3.78705 0.39583 -0.32109 10.60410 0.00649 0.00133
112.42362 3.78705 0.39583 -0.32109 10.60410 0.00693 0.00180
134.78359 3.78705 0.39583 -0.32109 10.60410 0.00367 0.00149
172.41229 3.78705 0.39583 -0.32109 10.60410 0.00268 0.00120
225.18382 3.78705 0.39583 -0.32109 10.60410 0.00449 0.00121
255.29959 3.78705 0.39583 -0.32109 10.60410 0.00347 0.00116
277.59923 3.78705 0.39583 -0.32109 10.60410 0.00636 0.00170
292.62217 3.78705 0.39583 -0.32109 10.60410 0.00848 0.00220
307.62004 3.78705 0.39583 -0.32109 10.60410 0.01509 0.00429
322.59590 3.78705 0.39583 -0.32109 10.60410 0.00743 0.00225
337.60582 3.78705 0.39583 -0.32109 10.60410 0.00715 0.00146
352.54167 3.78705 0.39583 -0.32109 10.60410 0.00913 0.00141
7.43293 3.78083 0.39754 -0.49268 10.60410 0.00594 0.00070
22.36588 3.78083 0.39754 -0.49268 10.60410 0.00565 0.00073
37.32091 3.78083 0.39754 -0.49268 10.60410 0.00641 0.00085
52.35930 3.78083 0.39754 -0.49268 10.60410 0.00661 0.00115
82.40088 3.78083 0.39754 -0.49268 10.60410 0.00415 0.00081
97.41093 3.78083 0.39754 -0.49268 10.60410 0.00373 0.00061
112.42062 3.78083 0.39754 -0.49268 10.60410 0.00267 0.00066
127.47496 3.78083 0.39754 -0.49268 10.60410 0.00370 0.00105
142.45986 3.78083 0.39754 -0.49268 10.60410 0.00486 0.00097
157.48633 3.78083 0.39754 -0.49268 10.60410 0.00285 0.00096
180.02908 3.78083 0.39754 -0.49268 10.60410 0.00280 0.00062
210.09326 3.78083 0.39754 -0.49268 10.60410 0.00341 0.00075
232.51616 3.78083 0.39754 -0.49268 10.60410 0.00415 0.00085
247.56709 3.78083 0.39754 -0.49268 10.60410 0.00164 0.00081
270.43953 3.78083 0.39754 -0.49268 10.60410 0.00382 0.00123
300.62343 3.78083 0.39754 -0.49268 10.60410 0.00409 0.00142
322.65563 3.78083 0.39754 -0.49268 10.60410 0.00433 0.00116
337.63204 3.78083 0.39754 -0.49268 10.60410 0.00465 0.00078
352.55827 3.78083 0.39754 -0.49268 10.60410 0.00568 0.00069
7.38778 3.77359 0.39810 -0.69450 10.60410 0.00485 0.00069
22.32770 3.77359 0.39810 -0.69450 10.60410 0.00351 0.00066
37.28414 3.77359 0.39810 -0.69450 10.60410 0.00307 0.00066
59.34541 3.77359 0.39810 -0.69450 10.60410 0.00286 0.00066
82.38292 3.77359 0.39810 -0.69450 10.60410 0.00341 0.00107
97.41200 3.77359 0.39810 -0.69450 10.60410 0.00284 0.00060
112.45350 3.77359 0.39810 -0.69450 10.60410 0.00116 0.00045
127.45934 3.77359 0.39810 -0.69450 10.60410 0.00171 0.00065
142.44470 3.77359 0.39810 -0.69450 10.60410 0.00265 0.00072
164.96458 3.77359 0.39810 -0.69450 10.60410 0.00209 0.00051
187.48342 3.77359 0.39810 -0.69450 10.60410 0.00236 0.00057
202.50750 3.77359 0.39810 -0.69450 10.60410 0.00174 0.00059
330.84696 3.77359 0.39810 -0.69450 10.60410 0.00391 0.00083
352.58559 3.77359 0.39810 -0.69450 10.60410 0.00381 0.00065
7.35043 3.76746 0.39839 -0.89571 10.60410 0.00309 0.00075
37.21296 3.76746 0.39839 -0.89571 10.60410 0.00193 0.00087
112.46609 3.76746 0.39839 -0.89571 10.60410 0.00138 0.00049
187.50839 3.76746 0.39839 -0.89571 10.60410 0.00146 0.00054
202.48614 3.76746 0.39839 -0.89571 10.60410 0.00126 0.00047
225.05372 3.76746 0.39839 -0.89571 10.60410 0.00167 0.00058
247.54892 3.76746 0.39839 -0.89571 10.60410 0.00134 0.00065
270.34493 3.76746 0.39839 -0.89571 10.60410 0.00203 0.00096
345.86347 3.76746 0.39839 -0.89571 10.60410 0.00270 0.00071
7.50426 5.06939 0.39252 -0.32059 10.60410 0.01189 0.00164
22.42163 5.06939 0.39252 -0.32059 10.60410 0.00702 0.00148
37.36355 5.06939 0.39252 -0.32059 10.60410 0.00938 0.00222
52.34430 5.06939 0.39252 -0.32059 10.60410 0.01020 0.00179
67.35619 5.06939 0.39252 -0.32059 10.60410 0.00742 0.00117
82.36224 5.06939 0.39252 -0.32059 10.60410 0.00726 0.00121
104.50576 5.06939 0.39252 -0.32059 10.60410 0.00457 0.00090
134.71521 5.06939 0.39252 -0.32059 10.60410 0.00319 0.00093
164.89445 5.06939 0.39252 -0.32059 10.60410 0.00398 0.00119
195.10399 5.06939 0.39252 -0.32059 10.60410 0.00350 0.00107
225.26834 5.06939 0.39252 -0.32059 10.60410 0.00397 0.00098
255.51515 5.06939 0.39252 -0.32059 10.60410 0.00598 0.00154
277.61328 5.06939 0.39252 -0.32059 10.60410 0.00723 0.00184
292.64003 5.06939 0.39252 -0.32059 10.60410 0.00837 0.00211
315.59505 5.06939 0.39252 -0.32059 10.60410 0.01032 0.00241
337.60878 5.06939 0.39252 -0.32059 10.60410 0.00849 0.00220
352.55474 5.06939 0.39252 -0.32059 10.60410 0.01039 0.00162
7.42989 5.06207 0.39433 -0.49106 10.60410 0.00620 0.00090
22.32791 5.06207 0.39433 -0.49106 10.60410 0.00521 0.00081
37.28037 5.06207 0.39433 -0.49106 10.60410 0.00444 0.00095
52.26871 5.06207 0.39433 -0.49106 10.60410 0.00381 0.00097
67.27436 5.06207 0.39433 -0.49106 10.60410 0.00383 0.00069
82.29905 5.06207 0.39433 -0.49106 10.60410 0.00399 0.00056
97.34155 5.06207 0.39433 -0.49106 10.60410 0.00181 0.00043
112.38345 5.06207 0.39433 -0.49106 10.60410 0.00221 0.00062
127.44356 5.06207 0.39433 -0.49106 10.60410 0.00293 0.00072
142.43365 5.06207 0.39433 -0.49106 10.60410 0.00263 0.00068
164.88000 5.06207 0.39433 -0.49106 10.60410 0.00203 0.00051
187.53608 5.06207 0.39433 -0.49106 10.60410 0.00243 0.00046
202.53073 5.06207 0.39433 -0.49106 10.60410 0.00217 0.00059
225.28281 5.06207 0.39433 -0.49106 10.60410 0.00243 0.00050
247.61302 5.06207 0.39433 -0.49106 10.60410 0.00292 0.00070
262.65102 5.06207 0.39433 -0.49106 10.60410 0.00237 0.00088
277.67977 5.06207 0.39433 -0.49106 10.60410 0.00325 0.00139
292.72473 5.06207 0.39433 -0.49106 10.60410 0.00240 0.00119
315.94956 5.06207 0.39433 -0.49106 10.60410 0.00224 0.00105
337.68950 5.06207 0.39433 -0.49106 10.60410 0.00520 0.00131
352.55081 5.06207 0.39433 -0.49106 10.60410 0.00549 0.00088
7.38694 5.05445 0.39462 -0.69321 10.60410 0.00560 0.00068
22.22682 5.05445 0.39462 -0.69321 10.60410 0.00417 0.00065
43.70086 5.05445 0.39462 -0.69321 10.60410 0.00148 0.00040
74.07332 5.05445 0.39462 -0.69321 10.60410 0.00114 0.00037
97.34563 5.05445 0.39462 -0.69321 10.60410 0.00188 0.00038
112.39232 5.05445 0.39462 -0.69321 10.60410 0.00139 0.00040
127.40844 5.05445 0.39462 -0.69321 10.60410 0.00184 0.00048
142.43871 5.05445 0.39462 -0.69321 10.60410 0.00132 0.00035
157.49422 5.05445 0.39462 -0.69321 10.60410 0.00115 0.00037
179.95427 5.05445 0.39462 -0.69321 10.60410 0.00086 0.00023
202.50630 5.05445 0.39462 -0.69321 10.60410 0.00075 0.00026
225.26834 5.05445 0.39462 -0.69321 10.60410 0.00063 0.00028
247.60596 5.05445 0.39462 -0.69321 10.60410 0.00119 0.00040
262.63790 5.05445 0.39462 -0.69321 10.60410 0.00195 0.00066
277.63765 5.05445 0.39462 -0.69321 10.60410 0.00238 0.00098
316.25249 5.05445 0.39462 -0.69321 10.60410 0.00226 0.00087
337.78672 5.05445 0.39462 -0.69321 10.60410 0.00549 0.00101
352.58287 5.05445 0.39462 -0.69321 10.60410 0.00602 0.00073
14.91558 2.91962 0.47961 -0.49576 10.60410 0.00225 0.00076
74.89778 2.91962 0.47961 -0.49576 10.60410 0.00631 0.00235
97.47727 2.91962 0.47961 -0.49576 10.60410 0.00777 0.00217
112.49526 2.91962 0.47961 -0.49576 10.60410 0.00559 0.00163
127.48979 2.91962 0.47961 -0.49576 10.60410 0.00379 0.00149
149.99166 2.91962 0.47961 -0.49576 10.60410 0.00410 0.00163
262.51670 2.91962 0.47961 -0.49576 10.60410 0.00508 0.00203
352.51299 2.91962 0.47961 -0.49576 10.60410 0.00342 0.00107
14.83523 2.92039 0.48025 -0.69600 10.60410 0.00180 0.00062
44.78157 2.92039 0.48025 -0.69600 10.60410 0.00185 0.00083
82.28202 2.92039 0.48025 -0.69600 10.60410 0.00332 0.00127
112.48608 2.92039 0.48025 -0.69600 10.60410 0.00455 0.00124
127.50505 2.92039 0.48025 -0.69600 10.60410 0.00656 0.00134
150.01117 2.92039 0.48025 -0.69600 10.60410 0.00458 0.00155
210.01894 2.92039 0.48025 -0.69600 10.60410 0.00445 0.00152
240.02084 2.92039 0.48025 -0.69600 10.60410 0.00509 0.00182
352.52748 2.92039 0.48025 -0.69600 10.60410 0.00199 0.00081
14.88878 3.76513 0.49613 -0.50327 10.60410 0.00237 0.00045
44.81549 3.76513 0.49613 -0.50327 10.60410 0.00200 0.00050
82.17327 3.76513 0.49613 -0.50327 10.60410 0.00280 0.00059
112.48529 3.76513 0.49613 -0.50327 10.60410 0.00312 0.00086
240.06935 3.76513 0.49613 -0.50327 10.60410 0.00186 0.00079
270.15970 3.76513 0.49613 -0.50327 10.60410 0.00299 0.00079
292.53341 3.76513 0.49613 -0.50327 10.60410 0.00394 0.00125
322.89169 3.76513 0.49613 -0.50327 10.60410 0.00176 0.00055
352.51863 3.76513 0.49613 -0.50327 10.60410 0.00161 0.00055
7.47279 3.77663 0.50594 -0.69558 10.60410 0.00206 0.00050
22.48877 3.77663 0.50594 -0.69558 10.60410 0.00094 0.00047
97.46721 3.77663 0.50594 -0.69558 10.60410 0.00289 0.00075
112.46087 3.77663 0.50594 -0.69558 10.60410 0.00217 0.00057
127.49862 3.77663 0.50594 -0.69558 10.60410 0.00308 0.00068
142.49339 3.77663 0.50594 -0.69558 10.60410 0.00228 0.00086
172.48222 3.77663 0.50594 -0.69558 10.60410 0.00240 0.00117
232.50142 3.77663 0.50594 -0.69558 10.60410 0.00185 0.00082
255.07672 3.77663 0.50594 -0.69558 10.60410 0.00163 0.00080
292.55831 3.77663 0.50594 -0.69558 10.60410 0.00326 0.00133
337.56306 3.77663 0.50594 -0.69558 10.60410 0.00222 0.00062
352.55424 3.77663 0.50594 -0.69558 10.60410 0.00238 0.00052
7.45310 3.77360 0.50643 -0.89620 10.60410 0.00210 0.00053
97.48102 3.77360 0.50643 -0.89620 10.60410 0.00256 0.00076
112.50159 3.77360 0.50643 -0.89620 10.60410 0.00245 0.00060
127.45905 3.77360 0.50643 -0.89620 10.60410 0.00139 0.00047
142.48347 3.77360 0.50643 -0.89620 10.60410 0.00384 0.00099
157.48263 3.77360 0.50643 -0.89620 10.60410 0.00586 0.00281
247.50156 3.77360 0.50643 -0.89620 10.60410 0.00165 0.00081
352.53151 3.77360 0.50643 -0.89620 10.60410 0.00094 0.00041
7.46577 4.99831 0.49237 -0.50315 10.60410 0.00184 0.00035
22.43085 4.99831 0.49237 -0.50315 10.60410 0.00223 0.00037
37.42670 4.99831 0.49237 -0.50315 10.60410 0.00194 0.00039
52.37448 4.99831 0.49237 -0.50315 10.60410 0.00158 0.00044
67.42539 4.99831 0.49237 -0.50315 10.60410 0.00154 0.00055
82.42151 4.99831 0.49237 -0.50315 10.60410 0.00256 0.00061
97.44176 4.99831 0.49237 -0.50315 10.60410 0.00248 0.00055
112.44292 4.99831 0.49237 -0.50315 10.60410 0.00121 0.00043
134.85831 4.99831 0.49237 -0.50315 10.60410 0.00209 0.00052
217.72415 4.99831 0.49237 -0.50315 10.60410 0.00105 0.00042
255.20601 4.99831 0.49237 -0.50315 10.60410 0.00172 0.00055
285.30053 4.99831 0.49237 -0.50315 10.60410 0.00144 0.00042
315.31966 4.99831 0.49237 -0.50315 10.60410 0.00313 0.00065
345.14089 4.99831 0.49237 -0.50315 10.60410 0.00189 0.00039
7.46291 4.98998 0.50747 -0.69443 10.60410 0.00107 0.00031
22.39962 4.98998 0.50747 -0.69443 10.60410 0.00114 0.00030
37.39208 4.98998 0.50747 -0.69443 10.60410 0.00129 0.00030
52.40720 4.98998 0.50747 -0.69443 10.60410 0.00087 0.00028
67.39476 4.98998 0.50747 -0.69443 10.60410 0.00129 0.00036
82.44204 4.98998 0.50747 -0.69443 10.60410 0.00127 0.00035
97.43878 4.98998 0.50747 -0.69443 10.60410 0.00107 0.00029
112.48044 4.98998 0.50747 -0.69443 10.60410 0.00059 0.00024
127.49111 4.98998 0.50747 -0.69443 10.60410 0.00067 0.00030
210.07390 4.98998 0.50747 -0.69443 10.60410 0.00097 0.00040
247.54315 4.98998 0.50747 -0.69443 10.60410 0.00146 0.00046
270.23416 4.98998 0.50747 -0.69443 10.60410 0.00094 0.00038
292.58304 4.98998 0.50747 -0.69443 10.60410 0.00209 0.00061
307.58391 4.98998 0.50747 -0.69443 10.60410 0.00151 0.00057
330.35343 4.98998 0.50747 -0.69443 10.60410 0.00120 0.00041
352.51618 4.98998 0.50747 -0.69443 10.60410 0.00131 0.00040
14.64475 4.98065 0.50854 -0.89546 10.60410 0.00074 0.00021
44.49567 4.98065 0.50854 -0.89546 10.60410 0.00051 0.00021
97.43813 4.98065 0.50854 -0.89546 10.60410 0.00055 0.00024
127.47835 4.98065 0.50854 -0.89546 10.60410 0.00048 0.00023
149.95290 4.98065 0.50854 -0.89546 10.60410 0.00082 0.00035
232.50514 4.98065 0.50854 -0.89546 10.60410 0.00085 0.00031
247.52589 4.98065 0.50854 -0.89546 10.60410 0.00080 0.00029
270.24592 4.98065 0.50854 -0.89546 10.60410 0.00071 0.00031
300.40123 4.98065 0.50854 -0.89546 10.60410 0.00093 0.00042
352.56297 4.98065 0.50854 -0.89546 10.60410 0.00094 0.00032